Date of data,Commodity code,Commodity,US dollar
202005,101,"Live horses, asses, mules and hinnies",347961.0
202005,102,Live bovine animals,73026684.0
202005,103,Live swine,7613230.0
202005,105,"Live poultry, that is to say, fowls of the species Gallus domesticus, ducks, geese, turkeys and guinea fowls",5560815.0
202005,106,Other live animals,1181622.0
202005,201,"Meat of bovine animals, fresh or chilled",38850609.0
202005,202,"Meat of bovine animals, frozen",642518585.0
202005,203,"Meat of swine, fresh, chilled or frozen",1000088504.0
202005,204,"Meat of sheep or goats, fresh, chilled or frozen",162650041.0
202005,206,"Edible offal of bovine animals, swine, sheep, goats, horses, asses, mules or hinnies, fresh, chilled or frozen",266149793.0
202005,207,"Meat and edible offal, of the poultry of heading 0105, fresh, chilled or frozen",266132689.0
202005,208,"Other meat and edible meat offal, fresh, chilled or frozen",172220.0
202005,209,"Pig fat, free of lean meat, and poultry fat, not rendered or otherwise extracted, fresh, chilled, frozen, salted, in brine, dried or smoked",14000306.0
202005,210,"Meat and edible meat offal, salted, in brine, dried or smoked; edible flours and meals of meat or meat offal",1248458.0
202005,301,Live fish,12249263.0
202005,302,"Fish, fresh or chilled, excluding fish fillets and other fish meat of heading 0304",57235373.0
202005,303,"Fish, frozen, excluding fish fillets and other fish meat of heading 0304",305547978.0
202005,304,"Fish fillets and other fish meat (whether or not minced), fresh, chilled or frozen",51049726.0
202005,305,"Fish, dried, salted or in brine; smoked fish, whether or not cooked before or during the smoking process; flours, meals and pellets of fish, fit for human consumption",18738313.0
202005,306,"Crustaceans, whether in shell or not, live, fresh, chilled, frozen, dried, salted or in brine; smoked crustaceans, whether in shell or not, whether or not cooked before or during the smoking process; crustaceans, in shell, cooked by steaming or by boiling in water, whether or not chilled, frozen, dried, salted or in brine; flours, meals and pellets of crustaceans, fit for human consumption",546750910.0
202005,307,"Molluscs, whether in shell or not, live, fresh, chilled, frozen, dried, salted or in brine; smoked molluscs, whether in shell or not, whether or not cooked before or during the smoking process; flours, meals and pellets of molluscs, fit for human consumption",122222399.0
202005,308,"Aquatic invertebrates other than crustaceans and molluscs, live, fresh, chilled, frozen, dried, salted or in brine; smoked aquatic invertebrates other than crustaceans and molluscs, whether or not cooked before or during the smoking process; flours, meals and pellets of aquatic invertebrates other than crustaceans and molluscs, fit for human consumption",8371484.0
202005,401,"Milk and cream, not concentrated nor containing added sugar or other sweetening matter.",89317707.0
202005,402,"Milk and cream, concentrated or containing added sugar or other sweetening matter",237331342.0
202005,403,"Buttermilk, curdled milk and cream, yogurt, kephir and other fermented or acidified milk and cream, whether or not concentrated or containing added sugar or other sweeteningmatter or flavoured or containing added fruit, nuts or cocoa",5438795.0
202005,404,"Whey, whether or not concentrated or containing added sugar or other sweetening matter; products consisting of natural milk constituents, whether or not containing added sugar or other sweetening matter, not elsewhere specified or included",70545522.0
202005,405,Butter and other fats and oils derived from milk; dairy spreads,34179966.0
202005,406,Cheese and curd,27766709.0
202005,408,"Birds' eggs, not in shell, and egg yolks, fresh, dried, cooked by steaming or by boiling in water, moulded, frozen or otherwise preserved, whether or not containing added sugar or other sweetening matter",42044.0
202005,409,atural honey,6353254.0
202005,410,"dible products of animal origin, not elsewhere specified or included",29146112.0
202005,504,"Guts, bladders and stomachs of animals (other than fish), wholeand pieces thereof, fresh, chilled, frozen, salted, in brine, dried orsmoked",48651328.0
202005,505,"Skins and other parts of birds, with their feathers or down, feathers and parts of feathers (whether or not with trimmed edges) and down, not further worked than cleaned, disinfected or treated for preservation;powder and waste of feathers or parts of feathers",10035205.0
202005,506,"Bones and horncores, unworked, defatted, simply prepared (but not cut to shape), treated with acid or degelatinised; powder and waste of these products",1869494.0
202005,507,"Ivory, tortoiseshell, whalebone and whalebone hair, horns, antlers, hooves, nails, claws and beaks, unworked or simply prepared but not cut to shape; powder and waste of these products",4500849.0
202005,508,"Coral and similar materials, unworked or simply prepared bunot otherwise worked; shells of molluscs, crustaceans or echinoderms and cuttlebone, unworked or simply prepared bunot cut to shape, powder and waste thereof",866143.0
202005,511,"Animal products not elsewhere specified or included; dead animals of Chapter 1 or 3, unfit for human consumption",9607074.0
202005,601,"Bulbs, tubers, tuberous roots, corms, crowns and rhizomes, dormant, in growth or in flower; chicory plants and roots other than roots of heading 12.12.",5061392.0
202005,602,"Other live plants (including their roots), cuttings and slips; mushroom spawn.",11032213.0
202005,603,"Cut flowers and flower buds of a kind suitable for bouquets or for ornamental purposes, fresh, dried, dyed, bleached, impregnated or otherwise prepared.",4267258.0
202005,604,"Foliage, branches and other parts of plants, without flowers or flower buds, and grasses, mosses and lichens, being goods of a kind suitable for bouquets or for ornamental purposes, fresh,dried, dyed, bleached, impregnated or otherwise prepared",525301.0
202005,706,"Carrots, turnips, salad beetroot, salsify, celeriac, radishes and similar edible roots, fresh or chilled.",8957.0
202005,709,"Other vegetables, fresh or chilled.",5738691.0
202005,710,"Vegetables (uncooked or cooked by steaming or boiling in water),frozen.",4016616.0
202005,711,"Vegetables provisionally preserved (for example, by sulphur dioxide gas, in brine, in sulphur water or in other preservative solutions), but unsuitable in that state for immediate consumption.",324921.0
202005,712,"Dried vegetables, whole, cut, sliced, broken or in powder, but not further prepared.",893923.0
202005,713,"Dried leguminous vegetables, shelled, whether or not skinned or split.",78768949.0
202005,714,"Manioc, arrowroot, salep, Jerusalem artichokes, sweet potatoes and similar roots and tubers with high starch or inulin content, fresh, chilled, frozen or dried, whether or not sliced or in the form of pellets; sago pith.",60098673.0
202005,801,"Coconuts, Brazil nuts and cashew nuts, fresh or dried, whether or not shelled or peeled.",32557233.0
202005,802,"Other nuts, fresh or dried, whether or not shelled or peeled.",56691472.0
202005,803,"Bananas, including plantains, fresh or dried.",102490743.0
202005,804,"Dates, figs, pineapples, avocados, guavas, mangoes and mangosteens, fresh or dried.",262355768.0
202005,805,"Citrus fruit, fresh or dried.",41277256.0
202005,806,"Grapes, fresh or dried.",136017282.0
202005,807,"Melons (including watermelons) and papaws (papayas), fresh.",408963.0
202005,808,"Apples, pears and quinces, fresh.",24943061.0
202005,809,"Apricots, cherries, peaches (including nectarines), plums and sloes, fresh.",5791276.0
202005,810,"Other fruit, fresh.",615953249.0
202005,811,"Fruit and nuts, uncooked or cooked by steaming or boiling in water, frozen, whether or not containing added sugar or other sweetening matter.",29800894.0
202005,812,"Fruit and nuts, provisionally preserved (for example, by sulphurdioxide gas, in brine, in sulphur water or in other preservativesolutions), but unsuitable in that state for immediateconsumption.",3080828.0
202005,813,"Fruit, dried, other than that of headings 08.01 to 08.06; mixtures of nuts or dried fruits of this Chapter.",5354541.0
202005,814,"Peel of citrus fruit or melons (including watermelons), fresh, frozen, dried or provisionally preserved in brine, in sulphur water or in other preservative solutions.",28709.0
202005,901,"Coffee, whether or not roasted or decaffeinated; coffee husks and skins; coffee substitutes containing coffee in any proportion.",22419743.0
202005,902,"Tea, whether or not flavoured.",16280117.0
202005,903,Maté.,1736.0
202005,904,Pepper of the genus Piper; dried or crushed or ground fruits of the genus Capsicum or of the genus Pimenta.,48934209.0
202005,905,Vanilla.,50904.0
202005,906,Cinnamon and cinnamontree flowers.,174741.0
202005,907,"loves (whole fruit, cloves and stems).",1825102.0
202005,908,"Nutmeg, mace and cardamoms.",5511894.0
202005,909,"Seeds of anise, badian, fennel, coriander, cumin or caraway; juniper berries.",9077512.0
202005,910,"Ginger, saffron, turmeric (curcuma), thyme, bay leaves, curry and other spices.",2667631.0
202005,1001,Wheat and meslin.,225633004.0
202005,1003,Barley,119402239.0
202005,1004,Oats,6929045.0
202005,1005,Maize (corn).,136685918.0
202005,1006,Rice.,140483949.0
202005,1007,Grain sorghum.,62605450.0
202005,1008,"Buckwheat, millet and canary seeds; other cereals.",389550.0
202005,1101,Wheat or meslin flour.,6692426.0
202005,1102,Cereal flours other than of wheat or meslin.,5955610.0
202005,1103,"Cereal groats, meal and pellets.",75600.0
202005,1104,"Cereal grains otherwise worked (for example, hulled, rolled, flaked, pearled, sliced or kibbled), except rice of heading 10.06; germ of cereals, whole, rolled, flaked or ground.",1594522.0
202005,1105,"Flour, meal, powder, flakes, granules and pellets of potatoes.",1735342.0
202005,1106,"Flour, meal and powder of the dried leguminous vegetables of heading 07.13, of sago or of roots or tubers of heading 07.14 or of the products of Chapter 8.",906155.0
202005,1107,"Malt, whether or not roasted.",363557.0
202005,1108,tarches; inulin.,135586693.0
202005,1109,"Wheat gluten, whether or not dried.",143677.0
202005,1201,"Soya beans, whether or not broken.",3595093656.0
202005,1202,"Groundnuts, not roasted or otherwise cooked, whether or not shelled or broken.",104649574.0
202005,1203,Copra.,95.0
202005,1204,"Linseed, whether or not broken.",12987056.0
202005,1205,"Rape or colza seeds, whether or not broken.",170247302.0
202005,1206,"Sunflower seeds, whether or not broken.",1947675.0
202005,1207,"Other oil seeds and oleaginous fruits, whether or not broken.",105805917.0
202005,1208,"Flours and meals of oil seeds or oleaginous fruits, other than those of mustard.",1273.0
202005,1209,"Seeds, fruit and spores, of a kind used for sowing.",45772351.0
202005,1210,"Hop cones, fresh or dried, whether or not ground, powdered or in the form of pellets; lupulin.",5742362.0
202005,1211,"lants and parts of plants (including seeds and fruits), of a kind used primarily in perfumery, in pharmacy or for insecticidal, fungicidal or similar purposes, fresh, chilled, frozen or dried, whether or not cut, crushed or powdered.",10658296.0
202005,1212,"Locust beans, seaweeds and other algae, sugar beet and sugar cane, fresh, chilled, frozen or dried, whether or not ground; fruit stones and kernels and other vegetable products (including unroasted chicory roots of the variety Cichorium intybus sativum) of a kind used primarily for human consumption, not elsewhere specified or included.",46093726.0
202005,1213,"Cereal straw and husks, unprepared, whether or not chopped,ground, pressed or in the form of pellets.",350392.0
202005,1214,"wedes, mangolds, fodder roots, hay, lucerne (alfalfa), clover, sainfoin, forage kale, lupines, vetches and similar forage products, whether or not in the form of pellets.",55347999.0
202005,1301,"Lac; natural gums, resins, gumresins and oleoresins (for example, balsams).",2984035.0
202005,1302,"Vegetable saps and extracts; pectic substances, pectinates and pectates; agaragar and other mucilages and thickeners, whether or not modified, derived from vegetable products.",23177684.0
202005,1401,"Vegetable materials of a kind used primarily for plaiting (for example, bamboos, rattans, reeds, rushes, osier, raffia, cleaned, bleached or dyed cereal straw, and lime bark).",1055652.0
202005,1404,Vegetable products not elsewhere specified or included.,8146691.0
202005,1501,"Pig fat (including lard) and poultry fat, other than that of heading 02.09 or 15.03",106832.0
202005,1502,"Fats of bovine animals, sheep or goats, other than those of heading 15.03.",1836866.0
202005,1504,"ats and oils and their fractions, of fish or marine mammals, whether or not refined, but not chemically modified.",24459670.0
202005,1505,Wool grease and fatty substances derived therefrom (including lanolin).,117103.0
202005,1506,"Other animal fats and oils and their fractions, whether or not refined, but not chemically modified.",340480.0
202005,1507,"oyabean oil and its fractions, whether or not refined, but not chemically modified.",19731229.0
202005,1508,"Groundnut oil and its fractions, whether or not refined, but not chemically modified.",12985630.0
202005,1509,"Olive oil and its fractions, whether or not refined, but not chemically modified.",12240752.0
202005,1510,"Other oils and their fractions, obtained solely from olives, whether or not refined, but not chemically modified, including blends of these oils or fractions with oils or fractions of heading 15.09.",643225.0
202005,1511,"Palm oil and its fractions, whether or not refined, but not chemically modified.",299228819.0
202005,1512,"unflowerseed, safflower or cottonseed oil and fractions thereof, whether or not refined, but not chemically modified.",130686575.0
202005,1513,"Coconut (copra), palm kernel or babassu oil and fractions thereof, whether or not refined, but not chemically modified.",40439417.0
202005,1514,"Rape, colza or mustard oil and fractions thereof, whether or not refined, but not chemically modified.",152272314.0
202005,1515,"Other fixed vegetable fats and oils (including jojoba oil) and their fractions, whether or not refined, but not chemically modified.",48350124.0
202005,1516,"Animal or vegetable fats and oils and their fractions, partly or wholly hydrogenated, interesterified, reesterified or elaidinised, whether or not refined, but not further prepared.",16060853.0
202005,1517,"Margarine; edible mixtures or preparations of animal or vegetable fats or oils or of fractions of different fats or oils of this Chapter, other than edible fats or oils or their fractions of heading 15.16.",36842490.0
202005,1518,"Animal or vegetable fats and oils and their fractions, boiled, oxidised,dehydrated, sulphurised, blown, polymerised by heat in vacuum or in inert gas or otherwise chemically modified, excluding those of heading 15.16; inedible mixtures or preparations of animal or vegetable fats or oils or of fractions of different fats or oils of this Chapter, not elsewhere specified or included.",4576293.0
202005,1520,"Glycerol, crude; glycerol waters and glycerol lyes.",17459457.0
202005,1521,"egetable waxes (other than triglycerides), beeswax, other insect waxes and spermaceti, whether or not refined or coloured.",1346634.0
202005,1601,"Sausages and similar products, of meat, meat offal or blood; food preparations based on these products.",462658.0
202005,1602,"Other prepared or preserved meat, meat offal or blood.",1554157.0
202005,1603,"Extracts and juices of meat, fish or crustaceans, molluscs or other aquatic invertebrates.",17943.0
202005,1604,Prepared or preserved fish; caviar and caviar substitutes prepared from fish eggs.,13324714.0
202005,1605,"rustaceans, molluscs and other aquatic invertebrates, prepared or preserved.",10346195.0
202005,1701,"Cane or beet sugar and chemically pure sucrose, in solid form.",113729484.0
202005,1702,"Other sugars, including chemically pure lactose, maltose, glucose and fructose, in solid form; sugar syrups not containing added flavouring or colouring matter; artificial honey, whether or not mixed with natural honey; caramel.",56238220.0
202005,1704,"ugar confectionery (including white chocolate), not containing cocoa.",21971856.0
202005,1801,"Cocoa beans, whole or broken, raw or roasted.",7442705.0
202005,1802,"Cocoa shells, husks, skins and other cocoa waste.",48691.0
202005,1803,"Cocoa paste, whether or not defatted.",4214503.0
202005,1804,"Cocoa butter, fat and oil.",3236837.0
202005,1805,"Cocoa powder, not containing added sugar or other sweetening matter.",10057008.0
202005,1806,hocolate and other food preparations containing cocoa.,23849909.0
202005,1901,"Malt extract; food preparations of flour, groats, meal, starch or malt extract, not containing cocoa or containing less than 40% by weight of cocoa calculated on a totally defatted basis, not elsewhere specified or included; food preparations of goods of headings 04.01 to 04.04,not containing cocoa or containing less than 5% by weight of cocoa calculated on a totally efatted basis, not elsewhere specified or included.",512761098.0
202005,1902,"Pasta, whether or not cooked or stuffed (with meat or other substances) or otherwise prepared, such as spaghetti, macaroni, noodles, lasagne, gnocchi, ravioli, cannelloni; couscous, whether or not prepared.",37459173.0
202005,1903,"Tapioca and substitutes therefor prepared from starch, in the form of flakes, grains, pearls, siftings or in similar forms.",1116994.0
202005,1904,"repared foods obtained by the swelling or roasting of cereals or cereal products (for example, corn flakes); cereals (other than maize (corn)) in grain form or in the form of flakes or other worked grains (except flour, groats and meal), precooked, or otherwise prepared, not elsewhere specified or included.",21491229.0
202005,1905,"read, pastry, cakes, biscuits and other bakers' wares, whether or not containing cocoa; communion wafers, empty cachets of a kind suitable for pharmaceutical use, sealing wafers, rice paper and similar products.",49254030.0
202005,2001,"Vegetables, fruit, nuts and other edible parts of plants, prepared or preserved by vinegar or acetic acid.",638602.0
202005,2002,Tomatoes prepared or preserved otherwise than by vinegar or acetic acid.,1021360.0
202005,2003,"Mushrooms and truffles, prepared or preserved otherwise than by vinegar or acetic acid.",200404.0
202005,2004,"Other vegetables prepared or preserved otherwise than by vinegar or acetic acid, frozen, other than products of heading 20.06.",9588937.0
202005,2005,"Other vegetables prepared or preserved otherwise than by vinegar or acetic acid, not frozen, other than products of heading 20.06.",2889252.0
202005,2006,"Vegetables, fruit, nuts, fruitpeel and other parts of plants, preserved by sugar (drained, glacé or crystallised).",7114670.0
202005,2007,"Jams, fruit jellies, marmalades, fruit or nut purée and fruit or nut pastes, obtained by cooking, whether or not containing added sugar or other sweetening matter.",6167419.0
202005,2008,"Fruit, nuts and other edible parts of plants, otherwise prepared or preserved, whether or not containing added sugar or other sweetening matter or spirit, not elsewhere specified or included.",45661431.0
202005,2009,"ruit juices (including grape must) and vegetable juices, unfermented and not containing added spirit, whether or not containing added sugar or other sweetening matter.",25016926.0
202005,2101,"Extracts, essences and concentrates, of coffee, tea or maté and preparations with a basis of these products or with a basis of coffee, tea or mate; roasted chicory and other roasted coffee substitutes, and extracts, essences and concentrates thereof",21099085.0
202005,2102,"Yeasts (active or inactive); other singlecell microorganisms, dead (but not including vaccines of heading 30.02); prepared baking powders.",1166503.0
202005,2103,"Sauce and preparations therefor; mixed condiments and mixed seasonings; mustard flour and meal, whether or not prepared, and mustard",14657727.0
202005,2104,Soups and broths and preparations therefor; homogenised composite food preparations.,2340999.0
202005,2105,"Ice cream and other edible ice, whether or not containing cocoa.",13789242.0
202005,2106,Food preparations not elsewhere specified or included.,387875359.0
202005,2201,"Waters, including natural or artificial mineral waters andaerated waters, not containing added sugar or other sweeteningmatter nor flavoured; ice and snow.",7274876.0
202005,2202,"Waters, including mineral waters and aerated waters, containing added sugar or other sweetening matter or flavoured, and other nonalcoholic beverages, not including fruit or vegetable juices of heading 20.09.",75272037.0
202005,2203,Beer made from malt.,53988323.0
202005,2204,"Wine of fresh grapes, including fortified wines; grape must other than that of heading 20.09.",105446922.0
202005,2205,Vermouth and other wine of fresh grapes flavoured with plants or aromatic substances.,940788.0
202005,2206,"Other fermented beverages (for example, cider, perry, mead, saké); mixtures of fermented beverages and mixtures of fermented beverages and nonalcoholic beverages, not elsewhere specified or included.",5518255.0
202005,2207,"Undenatured ethyl alcohol of an alcoholic strength by volume of 80% vol.or higher; ethyl alcohol and other spirits, denatured, of any strength.",2819277.0
202005,2208,"Undenatured ethyl alcohol of an alcoholic strength by volume of Undenatured ethyl alcohol of an alcoholic strength by volume of less than 80% vol.; spirits, liqueurs and other spirituous beverages.",81179272.0
202005,2209,Vinegar and substitutes for vinegar obtained from acetic acid.,553386.0
202005,2301,"Flours, meals and pellets, of meat or meat offal, of fish or ofcrustaceans, molluscs or other aquatic invertebrates, unfit for human consumption; greaves.",134548485.0
202005,2302,"Bran, sharps and other residues, whether or not in the form of pellets, derived from the sifting, milling or other working of cereals or of leguminous plants.",9444896.0
202005,2303,"Residues of starch manufacture and similar residues, beetpulp, bagasse and other waste of sugar manufacture, brewing ordistilling dregs and waste, whether or not in the form of pellets.",5794973.0
202005,2304,"Oilcake and other solid residues, whether or not ground or in the form of pellets, resulting from the extraction of soyabean oil.",4099026.0
202005,2305,"Oilcake and other soli residues, whether or not ground or in the form of pellets, resulting from the extraction of groundnut oil.",4415450.0
202005,2306,"Oilcake and other solid residues, whether or not ground or in the form of pellets, resulting from the extraction of vegetable fats or oils,other than those of heading 23.04 or 23.05.",107906496.0
202005,2308,"Vegetable materials and vegetable waste, vegetable residues and byproducts, whether or not in the form of pellets, of a kind used in animal feeding, not elsewhere specified or included.",1141169.0
202005,2309,Preparations of a kind used in animal feeding.,73915874.0
202005,2401,Unmanufactured tobacco; tobacco refuse.,61280496.0
202005,2402,"Cigars, cheroots, cigarillos and cigarettes, of tobacco or of tobacco substitutes.",16181996.0
202005,2403,Other manufactured tobacco and manufactured tobacco substitutes; “homogenised” or reconstituted” tobacco; tobacco extracts and essences.,2673190.0
202005,2501,"Salts, incl. table salt and denatured salt, and pure sodium chloride, whether or not in aqueous solution or containing added anti-caking or free-flowing agents; sea water",20476769.0
202005,2502,Unroasted iron pyrites.,116058.0
202005,2503,"Sulphur of all kinds (excluding sublimed sulphur, precipitated sulphur and colloidal sulphur)",40171678.0
202005,2504,Natural graphite.,907983.0
202005,2505,"Natural sands of all kinds, whether or not coloured, other than metalbearing sands of Chapter 26.",14276597.0
202005,2506,"Quartz (excluding natural sands); quartzite, whether or not roughly trimmed or merely cut, by sawing or otherwise, into blocks or slabs of a square or rectangular shape",7567720.0
202005,2507,"Kaolin and other kaolinic clays, whether or not calcined",8049456.0
202005,2508,"Other clays (not including expanded clays of heading 68.06), andalusite, kyanite and sillimanite, whether or not calcined; mullite; chamotte or dinas earths.",8667720.0
202005,2509,Chalk.,33787.0
202005,2510,"Natural calcium phosphates, natural aluminium calcium phosphates and phosphatic chalk.",31536.0
202005,2511,"Natural barium sulphate (barytes); natural barium carbonate (witherite), whether or not calcined, other than barium oxide of heading 28.16.",164756.0
202005,2512,"Siliceous fossil meals, e.g. kieselguhr, tripolite and diatomite, and similar siliceous earths, whether or not calcined, of an apparent specific gravity of 1 or less.",1032862.0
202005,2513,"Pumice stone; emery; natural corundum, natural garnet and other natural abrasives, whether or not heat-treated",1378954.0
202005,2514,"Slate, whether or not roughly trimmed or merely cut, by sawing or otherwise, into blocks or slabs of a square or rectangular shape; slate powder and slate refuse",8751.0
202005,2515,"Marble, travertine, ecaussine and other calcareous monumental or building stone of an apparent specific gravity of 2.5 or more, and alabaster, whether or not roughly trimmed or merely cut, by sawing or otherwise, into blocks or slabs of a rectangular (including square) shape.",58054808.0
202005,2516,"Granite, porphyry, basalt, sandstone and other monumental or building stone, whether or not roughly trimmed or merely cut, by sawing or otherwise, into blocks or slabs of a rectangular (including square) shape.",42559396.0
202005,2517,"Pebbles, gravel, broken or crushed stone, for concrete aggregates, for road metalling or for railway ballast, shingle and flint, whether or not heat-treated; macadam of slag, dross or similar industrial waste, whether or not incorporating the materials cited in the first part of the heading; tarred macadam; granules, chippings and powder, of stones of heading 2515 and 2516, whether or not heat-treated",1960676.0
202005,2518,"Dolomite, whether or not calcined or sintered, including dolomite roughly trimmed or merely cut, by sawing or otherwise, into blocks or slabs of a rectangular (including square) shape; dolomite ramming mix.",7116930.0
202005,2519,"Natural magnesium carbonate magnesite""; fused magnesia; dead-burned ""sintered"" magnesia, whether or not containing small quantities of other oxides added before sintering; other magnesium oxide, whether or not pure""",5082783.0
202005,2520,"Gypsum; anhydrite; plasters consisting of calcined gypsum or calcium sulphate, whether or not coloured, with or without small quantities of accelerators or retarders",2834813.0
202005,2521,"Limestone flux; limestone and other calcareous stone, of a kind used for the manufacture of lime or cement",7334512.0
202005,2522,"Quicklime, slaked lime and hydraulic lime (excluding pure calcium oxide and calcium hydroxide)",698000.0
202005,2523,"Portland cement, aluminous cement, slagcement, supersulphate cement and similar hydraulic cements, whether or not coloured or in the form of clinkers.",148224624.0
202005,2524,Asbestos.,7521879.0
202005,2525,"Mica, including splittings; mica waste.",1316713.0
202005,2526,"Natural steatite, whether or not roughly trimmed or merely cut, by sawing or otherwise, into blocks or slabs of a rectangular (including square) shape; talc.",2140225.0
202005,2528,"Natural borates and concentrates thereof (whether or not calcined), but not including borates separated from naturalbrine; natural boric acid containing not more than 85% of H3BO3 calculated on the dry weight.",7425024.0
202005,2529,"Feldspar; leucite, nepheline and nepheline syenite; fluorspar.",6731647.0
202005,2530,Mineral substances not elsewhere specified or included.,74556606.0
202005,2601,"Iron ores and concentrates, including roasted iron pyrites.",7768613763.0
202005,2602,"Manganese ores and concentrates, including ferruginous manganese ores and concentrates with a manganese content of 20% or more,calculated on the dry weight.",272004213.0
202005,2603,Copper ores and concentrates.,2620410613.0
202005,2604,Nickel ores and concentrates.,112513494.0
202005,2606,Aluminium ores and concentrates.,440232354.0
202005,2607,Lead ores and concentrates.,109285072.0
202005,2608,Zinc ores and concentrates.,187739033.0
202005,2609,Tin ores and concentrates.,37957233.0
202005,2610,Chromium ores and concentrates.,120321866.0
202005,2612,Uranium or thorium ores and concentrates,3533442.0
202005,2613,Molybdenum ores and concentrates.,62940440.0
202005,2614,Titanium ores and concentrates.,78114914.0
202005,2615,"Niobium, tantalum, vanadium or zirconium ores and concentrates.",76857221.0
202005,2616,Precious metal ores and concentrates.,281300842.0
202005,2617,Other ores and concentrates.,8181383.0
202005,2621,"Other slag and ash, including seaweed ash (kelp); ash and residues from the incineration of municipal waste.",153570.0
202005,2701,Mituminous substances; mineral waxes,1151319113.0
202005,2702,"ignite, whether or not agglomerated, excluding jet.",307395624.0
202005,2703,"Peat (including peat litter), whether or not agglomerated.",5124550.0
202005,2704,"Coke and semicoke of coal, of lignite or of peat, whether or not agglomerated; retort carbon.",42493400.0
202005,2706,"Tar distilled from coal, from lignite or from peat, and other mineral tars, whether or not dehydrated or partially distilled, including reconstituted tars.",2980653.0
202005,2707,Oils and other products of the distillation of high temperature coal tar; similar products in which the weight of the aromatic constituents exceeds that of the non-aromatic constituents,831128534.0
202005,2708,"Pitch and pitch coke, obtained from coal tar or from other mineral tars",3691674.0
202005,2709,"Petroleum oils and oils obtained from bituminous minerals, crude.",9727304837.0
202005,2710,"Petroleum oils and oils obtained from bituminous minerals, other than crude; preparations not elsewhere specified or included, containing by weight 70% or more of petroleum oils or of oils obtained from bituminous minerals, these oils being the basic constituents of the preparations; waste oils.",1061993110.0
202005,2711,Petroleum gases and other gaseous hydrocarbons.,3391349690.0
202005,2712,"Petroleum jelly, paraffin wax, micro- crystalline petroleum wax, slack wax, ozokerite, lignite wax, peat wax, other mineral waxes, and similar products obtained by synthesis or by other processes, whether or not coloured",8793086.0
202005,2713,"Petroleum coke, petroleum bitumen and other residues of petroleum oils or of oils obtained from bituminous minerals.",222802960.0
202005,2714,"Bitumen and asphalt, natural; bituminous or oil-shale and tar sands; asphaltites and asphaltic rocks",2349798.0
202005,2715,"Bituminous mastics, cut-backs and other bituminous mixtures based on natural asphalt, on natural bitumen, on petroleum bitumen, on mineral tar or on mineral tar pitch(for example, bituminous mastics, cutbacks).",249402450.0
202005,2716,Electrical energy. (optional heading),13995245.0
202005,2801,"Fluorine, chlorine, bromine and iodine",34227790.0
202005,2802,"Sulphur, sublimed or precipitated; colloidal sulphur.",19455.0
202005,2803,Carbon (carbon blacks and other forms of carbon not elsewhere specified or included).,15393687.0
202005,2804,"ydrogen, rare gases and other nonmetals.",98073296.0
202005,2805,"Alkali or alkaline-earth metals; rare-earth metals, scandium and yttrium, whether or not intermixed or interalloyed; mercury",313127.0
202005,2806,"Hydrogen chloride hydrochloric acid""; chlorosulphuric acid""",2533898.0
202005,2807,Sulphuric acid; oleum.,3068142.0
202005,2808,Nitric acid; sulphonitric acids.,1198867.0
202005,2809,"Diphosphorus pentaoxide; phosphoric acid; polyphosphoric acids, whether or not chemically defined",2569502.0
202005,2810,Oxides of boron; boric acids.,11238803.0
202005,2811,Other inorganic acids and other inorganic oxygen compounds of nonmetals.,27909217.0
202005,2812,Halides and halide oxides of nonmetals.,7355673.0
202005,2813,Sulphides of non-metals; commercial phosphorus trisulphide,43875.0
202005,2814,"Ammonia, anhydrous or in aqueous solution.",20570105.0
202005,2815,"Sodium hydroxide (caustic soda), potassium hydroxide (caustic potash); peroxides of sodium or potassium",832113.0
202005,2816,"Oydroxide and peroxide of magnesium; oxides, hydroxides and peroxides, of strontium or barium.",1275808.0
202005,2817,Zinc oxide; zinc peroxide.,1343801.0
202005,2818,"Artificial corundum, whether or not chemically defined;aluminium oxide; aluminium hydroxide.",87861221.0
202005,2819,Chromium oxides and hydroxides,560985.0
202005,2820,Manganese oxides.,2013434.0
202005,2821,Iron oxides and hydroxides; earth colours containing 70% or more by weight of combined iron evaluated as Fe2O3.,6642698.0
202005,2822,Cobalt oxides and hydroxides; commercial cobalt oxides.,430877.0
202005,2823,Titanium oxides.,3170155.0
202005,2824,Lead oxides; red lead and orange lead.,367.0
202005,2825,"Hydrazine and hydroxylamine and their inorganic salts; other inorganic bases; other metal oxides, hydroxides and peroxides.",16113537.0
202005,2826,"Hluorides; fluorosilicates, fluoroaluminates and other complex fluorine salts.",5412478.0
202005,2827,"Chlorides, chloride oxides and chloride hydroxides; bromides and bromide oxides; iodides and iodide oxides",9832287.0
202005,2828,Hypochlorites; commercial calcium hypochlorite; chlorites; hypobromites,325696.0
202005,2829,Chlorates and perchlorates; bromates and perbromates; iodates and periodates,726919.0
202005,2830,"Sulphides; polysulphides, whether or not chemically defined",2222305.0
202005,2831,Dithionites and sulfoxylates,500090.0
202005,2832,Sulphites; thiosulphates,274608.0
202005,2833,Sulphates; alums; peroxosulphates (persulphates),10634910.0
202005,2834,Nitrites; nitrates.,1054685.0
202005,2835,"Phosphinates (hypophosphites), phosphonates (phosphites) and phosphates; polyphosphates, whether or not chemically defined.",3314021.0
202005,2836,"Carbonates; peroxocarbonates percarbonates""; commercial ammonium carbonate containing ammonium carbamate""",26807649.0
202005,2837,"Cyanides, cyanide oxides and complex cyanides.",1052465.0
202005,2839,Silicates; commercial alkali metal silicates.,1604999.0
202005,2840,Borates; peroxoborates (perborates).,19373080.0
202005,2841,Salts of oxometallic or peroxometallic acids.,24540583.0
202005,2842,"Salts of inorganic acids or peroxoacids, incl. aluminosilicates whether or not chemically defined (excluding of oxometallic or peroxometallic acids and azides, and inorganic or organic compounds of mercury)",88313845.0
202005,2843,"Colloidal precious metals; inorganic or organic compounds of precious metals, whether or not chemically defined; amalgams of precious metals.",36422749.0
202005,2844,"Radioactive chemical elements and radioactive isotopes, incl. their fissile or fertile chemical elements and isotopes, and their compounds; mixtures and residues containing these products",200034084.0
202005,2845,"Non-radioactive isotopes; inorganic or organic compounds of such isotopes, whether or not chemically defined",6291474.0
202005,2846,"Compounds, inorganic or organic, of rareearth metals, of yttrium or of scandium or of mixtures of these metals.",39220314.0
202005,2847,"Hydrogen peroxide, whether or not solidified with urea.",2146937.0
202005,2849,"Carbides, whether or not chemically defined",1234038.0
202005,2850,"Hydrides, nitrides, azides, silicides and borides, whether or not chemically defined, other than compounds which are also carbides of heading 28.49.",8181475.0
202005,2852,"Compounds, inorganic or organic, of mercury, whether or not chemically defined (excluding amalgams)",68229.0
202005,2853,"Inorganic compounds, incl. distilled or conductivity water and water of similar purity, n.e.s.; liquid air, whether or not rare gases have been removed; compressed air; amalgams (excluding amalgams of precious metals)",5410881.0
202005,2901,Acyclic hydrocarbons.,289112033.0
202005,2902,Cyclic hydrocarbons.,798801104.0
202005,2903,Halogenated derivatives of hydrocarbons,81033654.0
202005,2904,"Sulphonated, nitrated or nitrosated derivatives of hydrocarbons,whether or not halogenated.",4605885.0
202005,2905,"Acyclic alcohols and their halogenated, sulphonated, nitrated or nitrosated derivatives.",685290366.0
202005,2906,"Cyclic alcohols and their halogenated, sulphonated, nitrated or nitrosated derivatives.",16214009.0
202005,2907,henols; phenolalcohols.,79038571.0
202005,2908,"Halogenated, sulphonated, nitrated or nitrosated derivatives of phenols or phenolalcohols.",20389652.0
202005,2909,"Others, etheralcohols, etherphenols, etheralcoholphenols, alcohol peroxides, ether peroxides, ketone peroxides (whether or not chemically defined), and their halogenated, sulphonated, nitrated or nitrosated derivatives.",135819739.0
202005,2910,"Epoxides, epoxyalcohols, epoxyphenols and epoxyethers, with a threemembered ring, and their halogenated, sulphonated, nitrated or nitrosated derivatives.",42163207.0
202005,2911,"Acetals and hemiacetals, whether or not with other oxygen function, and their halogenated, sulphonated, nitrated or nitrosated derivatives.",168156.0
202005,2912,"Aldehydes, whether or not with other oxygen function; cyclic polymers of aldehydes; paraformaldehyde.",13624909.0
202005,2913,"Halogenated, sulphonated, nitrated or nitrosated derivatives of products of heading 29.12.",394512.0
202005,2914,"Ketones and quinones, whether or not with other oxygen function, and their halogenated, sulphonated, nitrated or nitrosated derivatives.",42019472.0
202005,2915,"Saturated acyclic monocarboxylic acids and their anhydrides, halides, peroxides and peroxyacids; their halogenated, sulphonated, nitrated or nitrosated derivatives.",62972221.0
202005,2916,"Unsaturated acyclic monocarboxylic acids, cyclic monocarboxylic acids, their anhydrides, halides, peroxides and peroxyacids; their halogenated, sulphonated, nitrated or nitrosated derivatives.",41510721.0
202005,2917,"Polycarboxylic acids, their anhydrides, halides, peroxides and peroxyacids; their halogenated, sulphonated, nitrated or nitrosated derivatives.",63072589.0
202005,2918,"arboxylic acids with additional oxygen function and their anhydrides, halides, peroxides and peroxyacids; their halogenated, sulphonated, nitrated or nitrosated derivatives.",20342593.0
202005,2919,"Phosphoric esters and their salts, including lactophosphates; their halogenated, sulphonated, nitrated or nitrosated derivatives.",2302663.0
202005,2920,"Esters of other inorganic acids of nonmetals (excluding esters of hydrogen halides) and their salts; their halogenated, sulphonated, nitrated or nitrosated derivatives.",10058986.0
202005,2921,Amine-function compounds.,59123235.0
202005,2922,Oxygenfunction aminocompounds.,33680965.0
202005,2923,"uaternary ammonium salts and hydroxides; lecithins and other phosphoaminolipids, whether or not chemically defined.",8643069.0
202005,2924,arboxyamidefunction compounds; amidefunction compounds of carbonic acid.,69479358.0
202005,2925,arboxyimidefunction compounds (including saccharin and its salts) and iminefunction compounds.,23635225.0
202005,2926,Nitrilefunction compounds.,64681743.0
202005,2927,"Diazo, azo or azoxycompounds.",2442305.0
202005,2928,Organic derivatives of hydrazine or of hydroxylamine.,896317.0
202005,2929,Compounds with other nitrogen function.,22915109.0
202005,2930,Organo-sulphur compounds.,67111664.0
202005,2931,ther organoinorganic compounds.,23303601.0
202005,2932,Heterocyclic compounds with oxygen heteroatom(s) only.,20331373.0
202005,2933,Heterocyclic compounds with nitrogen heteroatom(s) only.,214128091.0
202005,2934,"ucleic acids and their salts, whether or not chemically defined; other heterocyclic compounds.",37934162.0
202005,2935,Sulphonamides.,15810180.0
202005,2936,"rovitamins and vitamins, natural or reproduced by synthesis (including natural concentrates), derivatives thereof used primarily as vitamins, and intermixtures of the foregoing, whether or not in any solvent.",23574610.0
202005,2937,"ormones, prostaglandins, thromboxanes and leukotrienes, natural or reproduced by synthesis; derivatives and structural analogues thereof, including chain modified polypeptides, used primarily as hormones.",31950766.0
202005,2938,"Glycosides, natural or reproduced by synthesis, and their salts, ethers, esters and other derivatives.",12964870.0
202005,2939,"Alkaloids, natural or reproduced by synthesis, and their salts, ethers, esters and other derivatives.",5650539.0
202005,2940,"Sugars, chemically pure, other than sucrose, lactose, maltose, glucose and fructose; sugar ethers, sugar acetals and sugar esters, and their salts, other than products of heading 29.37, 29.38 or 29.39.",1176549.0
202005,2941,Antibiotics,25481137.0
202005,2942,Other organic compounds.,1496835.0
202005,3001,"Glands and other organs for organotherapeutic uses, dried, whether or not powdered; extracts of glands or other organs or of their secretions for organotherapeutic uses; heparin and its salts; other human or animal substances prepared for therapeutic or prophylactic uses, not elsewhere specified or included.",13190000.0
202005,3002,"Human blood; animal blood prepared for therapeutic, prophylactic or diagnostic uses; antisera and other blood fractions and immunological products, whether or not modified or obtained by means of biotechnological processes; vaccines, toxins, cultures of micro-organisms (excluding yeasts) and similar products",879918066.0
202005,3003,"Medicaments (excluding goods of heading 30.02, 30.05 or 30.06) consisting of two or more constituents which have been mixed together for therapeuti or prophylactic uses, not pu up in measured doses or in forms or packings for retail sale.",23032001.0
202005,3004,"Medicaments consisting of mixed or unmixed products for therapeutic or prophylactic uses, put up in measured doses incl. those in the form of transdermal administration"" or in forms or packings for retail sale (excluding goods of heading 3002, 3005 or 3006)""",1594293178.0
202005,3005,"adding, gauze, bandages and similar articles (for example, dressings, adhesive plasters, poultices), impregnated or coated with pharmaceutical substances or put up in forms or packings for retail sale for medical, surgical, dental or veterinary purposes.",19732348.0
202005,3006,Pharmaceutical goods specified in Note 4 to this Chapter.,57893408.0
202005,3101,"Animal or vegetable fertilisers, whether or not mixed together or chemically treated; fertilisers produced by the mixing or chemical treatment of animal or vegetable products",1314690.0
202005,3102,"Mineral or chemical fertilisers, nitrogenous.",2312526.0
202005,3103,"Mineral or chemical fertilisers, phosphatic.",2818.0
202005,3104,"Mineral or chemical fertilisers, potassic.",114148292.0
202005,3105,"Mineral or chemical fertilisers containing two or three of the fertilising elements nitrogen, phosphorus and potassium; other fertilisers; goods of this Chapter in tablets or similar forms or in packages of a gross weight not exceeding 10 kg.",54884326.0
202005,3201,Tanning extracts of vegetable origin; tannins and their salts,1419910.0
202005,3202,"Synthetic organic tanning substances; inorganic tanning substances; tanning preparations, whether or not containing natural tanning substances; enzymatic preparations for pre-tanning",7602354.0
202005,3203,"Colouring matter of vegetable or animal origin (including dyeinextracts but excluding animal black), whether or not chemicalldefined; preparations as specified in Note 3 to this Chapter baseon colouring matter of vegetable or animal origin.",2875923.0
202005,3204,"Synthetic organic colouring matter, whether or not chemically defined; preparations based on synthetic organic colouring matter of a kind used to dye fabrics or produce colorant preparations; synthetic organic products of a kind used as fluorescent brightening agents or as luminophores, whether or not chemically defined (excluding preparations of heading 3207, 3208, 3209, 3210, 3213 and 3215)",52685447.0
202005,3205,Colour lakes; preparations as specified in Note 3 to this Chapter based on colour lakes.,940186.0
202005,3206,"Other colouring matter; preparations as specified in Note 3 to this Chapter, other than those of heading 32.03, 32.04 or 32.05; inorganic products of a kind used as luminophores, whether or not chemically defined.",67171907.0
202005,3207,"Prepared pigments, prepared opacifiers and prepared colours, vitrifiable enamels and glazes, engobes (slips), liquid lustres and similar preparations, of a kind used in the ceramic, enamelling or glass industry; glass frit and other glass, in the form of powder, granules or flakes.",14000877.0
202005,3208,"Paints and varnishes, incl. enamels and lacquers, based on synthetic polymers or chemically modified natural polymers, dispersed or dissolved in a non-aqueous medium; solutions of products of headings 3901 to 3913 in volatile organic solvents, containing > 50% solvent by weight (excluding solutions of collodion)",78302433.0
202005,3209,"Paints and varnishes (including enamels and lacquers) based onsynthetic polymers or chemically modified natural polymers,dispersed or dissolved in an aqueous medium.",17372768.0
202005,3210,"Other paints and varnishes (including enamels, lacquers and distempers); prepared water pigments of a kind used for finishing leather.",4907195.0
202005,3211,Prepared driers.,2067031.0
202005,3212,"Pigments (including metallic powders and flakes) dispersed in nonaqueous media, in liquid or paste form, of a kind used in the manufacture of paints (including enamels); stamping foils; dyes and other colouring matter put up in forms or packings for retail sale.",12216671.0
202005,3213,"Artists', students' or signboard painters' colours, modifying tints, amusement colours and the like, in tablets, tubes, jars, bottles,pans or in similar forms or packings.",1444073.0
202005,3214,"Glaziers' putty, grafting putty, resin cements, caulking compounds and other mastics; painters' fillings; non-refractory surfacing preparations for fa?ades, indoor walls, floors, ceilings or the like",38976492.0
202005,3215,"Printing ink, writing or drawing ink and other inks, whether or not concentrated or solid.",37575424.0
202005,3301,"Essential oils, whether or not terpeneless, incl. concretes and absolutes; resinoids; extracted oleoresins; concentrates of essential oils in fats, fixed oils, waxes or the like, obtained by enfleurage or maceration; terpenic by-products of the deterpenation of essential oils; aqueous distillates and aqueous solutions of essential oils",18074301.0
202005,3302,"Mixtures of odoriferous substances and mixtures, incl. alcoholic solutions, based on one or more of these substances, of a kind used as raw materials in industry; other preparations based on odoriferous substances, of a kind used for the manufacture of beverages",34355146.0
202005,3303,Perfumes and toilet waters.,48193959.0
202005,3304,"Beauty or makeup preparations and preparations for the care of the skin (other thanmedicaments), including sunscreen or sun tan preparations; manicure or pedicure preparations.",1491694570.0
202005,3305,Preparations for use on the hair.,88407756.0
202005,3306,"Preparations for oral or dental hygiene, including denture fixative pastes and powders; yarn used to clean between the teeth (dental floss), in individual retail packages.",25297839.0
202005,3307,"Shaving preparations, incl. pre-shave and aftershave products, personal deodorants, bath and shower preparations, depilatories and other perfumery, toilet or cosmetic preparations, n.e.s.; prepared room deodorisers, whether or not perfumed or having disinfectant properties",43205264.0
202005,3401,"Soap; organic surface-active products and preparations for use as soap, in the form of bars, cakes, moulded pieces or shapes, whether or not containing soap; organic surface-active products and preparations for washing the skin, in the form of liquid or cream and put up for retail sale, whether or not containing soap; paper, wadding, felt and nonwovens, impregnated, coated or covered with soap or detergent",50702118.0
202005,3402,"Organic surfaceactive agents (other than soap); surfaceactive preparations, washing preparations (including auxiliary washing preparations) and cleaning preparations, whether or not containing soap,other than those of heading 34.01.",116524717.0
202005,3403,"Lubricant preparations, incl. cutting-oil preparations, bolt or nut release preparations, anti-rust or anti-corrosion preparations and mould-release preparations based on lubricants; textile lubricant preparations and preparations of a kind used for the oil or grease treatment of textile materials, leather, furskins or other materials (excluding preparations containing, as basic constituents, ≥ 70% petroleum oil or bituminous mineral oil by weight)",135139620.0
202005,3404,Artificial waxes and prepared waxes.,34098016.0
202005,3405,"Polishes and creams, for footwear, furniture, floors, coachwork, glass or metal, scouring pastes and powders and similarpreparations (whether or not in the form of paper, wadding, felt, nonwovens, cellular plastics or cellular rubber, impregnated,coated or covered with such preparations), excluding waxes of heading 34.04.",33579621.0
202005,3406,"Candles, tapers and the like.",1082846.0
202005,3407,"Modelling pastes, including those put up for children's amusement; preparations known as “dental wax”or as “dental impression compounds”, put up in sets, in packings for retail sale or in plates, horseshoe shapes, sticks or similar forms; other preparations for use in dentistry, with a basis of plaster (ofcalcined gypsum or calcium sulphate).",1755597.0
202005,3501,"Casein, caseinates and other casein derivatives; casein glues.",16264347.0
202005,3502,"Albumins (including concentrates of two or more whey proteins, containing by weight more than 80% whey proteins, calculated on the dry matter), albuminates and other albumin derivatives.",27692561.0
202005,3503,"Gelatin (including gelatin in rectangular (including square) sheets, whether or not surfaceworked or coloured) and gelatin derivatives; isinglass; other glues of animal origin, excluding casein glues of heading 35.01.",3317741.0
202005,3504,"Peptones and their derivatives; other protein substances and their derivatives, not elsewhere specified or included; hide powder, whether or not chromed.",9368715.0
202005,3505,"Dextrins and other modified starches (for example, pregelatinised or esterified starches); glues based on starches, or on dextrins or other modified starches.",33122343.0
202005,3506,"Prepared glues and other prepared adhesives, not elsewhere specified or included; products suitable for use as glues or adhesives, put up for retail sale as glues or adhesives, not exceeding a net weight of 1 kg.",164723086.0
202005,3507,nzymes; prepared enzymes not elsewhere specified or included.,27241341.0
202005,3601,Propellent powders.,572497.0
202005,3603,Safety fuses; detonating fuses; percussion or detonating caps; igniters; electric detonators.,3999095.0
202005,3604,"Fireworks, signalling flares, rain rockets, fog signals and other pyrotechnic articles.",24488.0
202005,3606,Ferrocerium and other pyrophoric alloys in all forms; articles of combustible materials as specified in Note 2 to this Chapter.,663301.0
202005,3701,"Photographic plates and film in the flat, sensitised, unexposed, of any material other than paper, paperboard or textiles; instant print film in the flat, sensitised, unexposed, whether or not in packs.",20808681.0
202005,3702,"Photographic film in rolls, sensitised, unexposed, of any material other than paper, paperboard or textiles; instant print film in rolls, sensitised, unexposed.",39287911.0
202005,3703,"photographic paper, paperboard and textiles, sensitised,unexposed.",1818489.0
202005,3704,"Photographic plates, film, paper, paperboard and textiles, exposed but not developed.",2027.0
202005,3705,"Photographic plates and film, exposed and developed, other than cinematographic film.",2613270.0
202005,3707,"Chemical preparations for photographic uses (other than varnishes, glues, adhesives and similar preparations); unmixed products for photographic uses, put up in measured portions or put up for retail sale in a form ready for use.",161664289.0
202005,3801,"Artificial graphite; colloidal or semicolloidal graphite; preparations based on graphite or other carbon in the form of pastes, blocks, plates or other semimanufactures.",23202872.0
202005,3802,"ctivated carbon; activated natural mineral products; animal black, including spent animal black.",12952874.0
202005,3803,"Tall oil, whether or not refined.",1048166.0
202005,3804,"Residual lyes from the manufacture of wood pulp, whether or not concentrated, desugared or chemically treated, including lignin sulphonates, but excluding tall oil of heading 38.03.",3874463.0
202005,3805,"Gum, wood or sulphate turpentine and other terpenic oils produced by the distillation or other treatment of coniferous woods; crude dipentene; sulphite turpentine and other crude para-cymene; pine oil containing alpha-terpineol as the main constituent",138461.0
202005,3806,"Rosin and resin acids, and derivatives thereof; rosin spirit and rosin oils; run gums.",7477131.0
202005,3807,"Wood tar; wood tar oils; wood creosote; wood naphtha; vegetable pitch; brewers' pitch and similar preparations based on rosin, resin acids or on vegetable pitch.",213783.0
202005,3808,"Insecticides, rodenticides, fungicides, herbicides, antisprouting products and plantgrowth regulators, disinfectants and similar products, put up in forms or packings for retail sale or as preparations or articles (for example, sulphurtreated bands, wicks and candles, and flypapers).",64237189.0
202005,3809,"Finishing agents, dye carriers to accelerate the dyeing or fixing of dyestuffs and other products and preparations (for example, dressings and mordants), of a kind used in the textile, paper, leather or like industries, not elsewhere specified or included.",34299310.0
202005,3810,"Pickling preparations for metal surfaces; fluxes and other auxiliary preparations for soldering, brazing or welding; soldering, brazing or welding powders and pastes consisting of metal and other materials; preparations of a kind used as cores or coatings for welding electrodes or rods.",17967754.0
202005,3811,"ntiknock preparations, oxidation inhibitors, gum inhibitors, viscosity improvers, anticorrosive preparations and other prepared additives, for mineral oils (including gasoline) or for other liquids used for the same purposes as mineral oils.",90522658.0
202005,3812,"Prepared rubber accelerators; compound plasticisers for rubber or plastics, not elsewhere specified or included; antioxidising preparations and other compound stabilisers for rubber or plastics.",32180881.0
202005,3813,Preparations and charges for fireextinguishers; charged fireextinguishing grenades.,832193.0
202005,3814,"Organic composite solvents and thinners, not elsewhere specified or included; prepared paint or varnish removers.",7633043.0
202005,3815,"Reaction initiators, reaction accelerators and catalytic preparations, not elsewhere specified or included.",150417755.0
202005,3816,"Refractory cements, mortars, concretes and similar compositions, other than products of heading 38.01.",2943293.0
202005,3817,"Mixed alkylbenzenes and mixed alkylnaphthalenes, other than those of heading 27.07 or 29.02.",3014431.0
202005,3818,"Chemical elements doped for use in electronics, in the form of discs, wafers or similar forms; chemical compounds doped for use in electronics. form of",172972782.0
202005,3819,"Hydraulic brake fluids and other prepared liquids for hydraulictransmission, not containing or containing less than 70% byweight of petroleum oils or oils obtained from bituminousminerals.",4628815.0
202005,3820,Antifreezing preparations and prepared deicing fluids.,2951629.0
202005,3821,"Prepared culture media for the development or maintenance of microorganisms (including viruses and the like) or of plant, human or animal cells.",24266989.0
202005,3822,"Diagnostic or laboratory reagents on a backing, prepareddiagnostic or laboratory reagents whether or not on a backing,other than those of heading 30.02 or 30.06; certified referencematerials.",126300435.0
202005,3823,Industrial monocarboxylic fatty acids; acid oils from refining;industrial fatty alcohols.,91276580.0
202005,3824,"Prepared binders for foundry moulds or cores; chemical products and preparations for the chemical or allied industries, incl. mixtures of natural products, n.e.s.",519018004.0
202005,3826,"Biodiesel and mixtures thereof, not containing or containing less than 70% by weight of petroleum oils or oils obtained from bituminous minerals.",3972484.0
202005,3901,"Polymers of ethylene, in primary forms.",1567228778.0
202005,3902,"Polymers of propylene or of other olefins, in primary forms.",655032680.0
202005,3903,"Polymers of styrene, in primary forms.",426873366.0
202005,3904,"Polymers of vinyl chloride or of other halogenated olefins, in primary forms.",123002765.0
202005,3905,"Polymers of vinyl acetate or of other vinyl esters, in primary forms; other vinyl polymers in primary forms.",32245932.0
202005,3906,crylic polymers in primary forms.,175635576.0
202005,3907,"Polyacetals, other polyethers and epoxide resins, in primary forms; polycarbonates, alkyd resins, polyallyl esters and other polyesters, in primary forms.",637801711.0
202005,3908,Polyamides in primary forms.,158463268.0
202005,3909,"minoresins, phenolic resins and polyurethanes, in primary forms.",121790897.0
202005,3910,Silicones in primary forms.,60903191.0
202005,3911,"etroleum resins, coumaroneindene resins, polyterpenes, polysulphides, polysulphones and other products specified in Note 3 to this Chapter, not elsewhere specified or included, in primary forms.",59501051.0
202005,3912,"Cellulose and its chemical derivatives, not elsewhere specified or included, in primary forms.",34196602.0
202005,3913,"Natural polymers (for example, alginic acid) and modified natural polymers (for example, hardened proteins, chemical derivatives of natural rubber), not elsewhere specified or included, in primary forms.",10507401.0
202005,3914,"Ionexchangers based on polymers of headings 39.01 to 39.13, in primary forms.",11353998.0
202005,3916,"Monofilament of which any crosssectional dimension exceeds 1 mm, rods, sticks and profile shapes, whether or not surfacworked but not otherwise worked, of plastics.",13642634.0
202005,3917,"Tubes, pipes and hoses, and fittings therefor (for example, joints,elbows, flanges), of plastics.",104770956.0
202005,3918,"Floor coverings of plastics, whether or not selfadhesive, in rolls or in the form of tiles; wall or ceiling coverings of plastics, as defined in Note 9 to this Chapter.",11871573.0
202005,3919,"Selfadhesive plates, sheets, film, foil, tape, strip and other flat shapes, of plastics, whether or not in rolls.",205771361.0
202005,3920,"Other plates, sheets, film, foil and strip, of plastics, noncellular and not reinforced, laminated, supported or similarly combined with other materials.",536509587.0
202005,3921,"Other plates, sheets, film, foil and strip, of plastics.",106137069.0
202005,3922,"Baths, showerbaths, sinks, washbasins, bidets, lavatory pans, seats and covers, flushing cisterns and similar sanitary ware, of plastics.",1829000.0
202005,3923,"Articles for the conveyance or packing of goods, of plastics; stoppers, lids, caps and other closures, of plastics.",98072032.0
202005,3924,"Tableware, kitchenware, other household articles and hygienic or toilet articles, of plastics.",21022731.0
202005,3925,"Builders' ware of plastics, not elsewhere specified or included.",2429709.0
202005,3926,Other articles of plastics and articles of other materials of headings 39.01 to 39.14.,275541529.0
202005,4001,"Natural rubber, balata, guttapercha, guayule, chicle and similar natural gums, in primary forms or in plates, sheets or strip.",153618479.0
202005,4002,"Synthetic rubber and factice derived from oils, in primary forms or in plates, sheets or strip; mixtures of any product of heading 40.01 with any product of this heading, in primary forms or in plates, sheets or strip.",451095816.0
202005,4003,"Reclaimed rubber in primary forms or in plates, sheets or strip.",4544125.0
202005,4005,"ompounded rubber, unvulcanised, in primary forms or in plates, sheets or strip.",22380116.0
202005,4006,"Other forms (for example, rods, tubes and profile shapes) and articles (for example, discs and rings), of unvulcanised rubber.",1641446.0
202005,4007,Vulcanised rubber thread and cord.,16491196.0
202005,4008,"lates, sheets, strip, rods and profile shapes, of vulcanised rubber other than hard rubber.",14615891.0
202005,4009,"Tubes, pipes and hoses, of vulcanised rubber other than hard rubber, with or without their fittings (for example, joints, elbows, flanges).",40027487.0
202005,4010,"Conveyor or transmission belts or belting, of vulcanised rubber.",16027659.0
202005,4011,"New pneumatic tyres, of rubber.",53401372.0
202005,4012,"Retreaded or used pneumatic tyres of rubber; solid or cushion tyres, tyre treads and tyre flaps, of rubber.",3849195.0
202005,4013,"Inner tubes, of rubber.",60256.0
202005,4014,"Hygienic or pharmaceutical articles (including teats), of vulcanised rubber other than hard rubber, with or without fittings of hard rubber.",7401963.0
202005,4015,"Articles of apparel and clothing accessories (including gloves, mittens and mitts), for all purposes, of vulcanised rubber other than hard rubber.",40297295.0
202005,4016,Other articles of vulcanised rubber other than hard rubber.,155744983.0
202005,4017,"Hard rubber (for example, ebonite) in all forms, including waste and scrap; articles of hard rubber.",642196.0
202005,4101,"Raw hides and skins of bovine (including buffalo) or equine animals (fresh, or salted, dried, limed, pickled or otherwise preserved, but not tanned, parchmentdressed or further prepared), whether or not dehaired or split.",53501088.0
202005,4102,"Raw skins of sheep or lambs (fresh, or salted, dried, limed,pickled or otherwise preserved, but not tanned, parchmentdressed or further prepared), whether or not with wool on orsplit, other than those excluded by Note 1 (c) to this Chapter.",13508250.0
202005,4103,"Other raw hides and skins (fresh, or salted, dried, limed, pickled or otherwise preserved, but not tanned, parchmentdressed orfurther prepared), whether or not dehaired or split, other thanthose excluded by Note 1 (b) or 1 (c) to this Chapter.",1379607.0
202005,4104,"Tanned or crust hides and skins of bovine (including buffalo) or equine animals, without hair on, whether or not split, but not further prepared.",50246099.0
202005,4105,"Tanned or crust skins of sheep or lambs, without wool on, whether or not split, but not further prepared.",607193.0
202005,4106,"Tanned or crust hides and skins of other animals, without wool whether or not split, but not further prepared.",3666274.0
202005,4107,"Leather further prepared after tanning or crusting, including parchmentdressed leather, of bovine (including buffalo) or equine animals, without hair on, whether or not split, other than leather of heading 41.14.",50881079.0
202005,4112,"Leather further prepared after tanning or crusting, including parchmentdressed leather, of sheep or lamb, without wool on, whether or not split, other than leather of heading 41.14.",2869879.0
202005,4113,"Leather further prepared after tanning or crusting, including parchmentdressed leather, of other animals, without wool or hair on, whether or not split, other than leather of heading 41.14.",4403163.0
202005,4114,Chamois (including combination chamois) leather; patentleather and patent laminated leather; metallised leather.,3365883.0
202005,4115,"Composition leather with a basis of leather or leather fibre, in slabs, sheets or strip, whether or not in rolls; parings and other waste of leather or of composition leather, not suitable for the manufacture of leather articles; leather dust, powder and flour.",1311646.0
202005,4201,"Saddlery and harness for any animal, incl. traces, leads, knee pads, muzzles, saddle cloths, saddlebags, dog coats and the like, of any material",519494.0
202005,4202,"Trunks, suitcases, vanitycases, executivecases, briefcases, school satchels, spectacle cases, binocular cases, camera cases, musical instrument cases, gun cases, holsters and similar containers; travellingbags, insulated food or beverages bags, toilet bags, rucksacks, handbags, shoppingbags, wallets, purses, mapcases, cigarettecases, tobaccopouches, tool bags, sports bags, bottlecases, jewellery boxes, powderboxes, cutlery cases and similar containers, of leather or of composition leather, of sheeting of plastics, of textile materials, of vulcanised fibre or of paperboard, or wholly or mainly covered with such materials or with paper.",295125680.0
202005,4203,"Articles of apparel and clothing accessories, of leather or of composition leather.",19304454.0
202005,4205,Other articles of leather or of composition leather.,4406197.0
202005,4206,"Articles of gut (other than silkworm gut), of goldbeater's skin, of bladders or of tendons.",24072.0
202005,4301,"Raw furskins, incl. heads, tails, paws and other pieces or cuttings suitable for use in furriery (excluding raw hides and skins of heading 4101, 4102 or 4103)",16911754.0
202005,4302,"Tanned or dressed furskins (including heads, tails, paws and other pieces or cuttings), unassembled, or assembled (without the addition of other materials) other than those of heading 43.03.",10315521.0
202005,4303,"rticles of apparel, clothing accessories and other articles of furskin.",821493.0
202005,4304,Artificial fur and articles thereof.,154375.0
202005,4401,"Fuel wood, in logs, billets, twigs, faggots or similar forms; wood in chips or particles; sawdust and wood waste and scrap, whether or not agglomerated in logs, briquettes, pellets or similar forms",118252198.0
202005,4402,"Wood charcoal (including shell or nut charcoal), whether or notagglomerated.",5725440.0
202005,4403,"Wood in the rough, whether or not stripped of bark or sapwood,or roughly squared.",508223483.0
202005,4404,"Hoopwood; split poles; piles, pickets and stakes of wood, pointed but not sawn lengthwise; wooden sticks, roughly trimmed but not turned, bent or otherwise worked, suitable for the manufacture of walkingsticks,umbrellas, tool handles or the like; chipwood and the like.",32827.0
202005,4405,Wood wool; wood flour.,333985.0
202005,4407,"Wood sawn or chipped lengthwise, sliced or peeled, whether or not planed, sanded or endjointed, of a thickness exceeding 6 mm.",685763741.0
202005,4408,"Sheets for veneering, incl. those obtained by slicing laminated wood, for plywood or for other similar laminated wood and other wood, sawn lengthwise, sliced or peeled, whether or not planed, sanded, spliced or end-jointed, of a thickness of ≤ 6 mm",18553491.0
202005,4409,"Wood, incl. strips and friezes for parquet flooring, not assembled, continuously shaped tongued, grooved, rebated, chamfered, V-jointed beaded, moulded, rounded or the like"" along any of its edges, ends or faces, whether or not planed, sanded or end-jointed""",9669169.0
202005,4410,"Particle board, oriented strand board (OSB) and similar board (for example, waferboard) of wood or other ligneous materials, whether or not agglomerated with resins or other organic binding substances.",14326287.0
202005,4411,"Fibreboard of wood or other ligneous materials, whether or not bonded with resins or other organic substances.",7739603.0
202005,4412,"Plywood, veneered panels and similar laminated wood.",6186282.0
202005,4413,"Densified wood, in blocks, plates, strips or profile shapes.",229829.0
202005,4414,"Wooden frames for paintings, photographs, mirrors or similar objects.",178067.0
202005,4415,"Packing cases, boxes, crates, drums and similar packings, of wood; cabledrums of wood; pallets, box pallets and other loadboards,of wood; pallet collars of wood.",1296181.0
202005,4416,"Casks, barrels, vats, tubs and other coopers' products and parts thereof, of wood, including staves.",209651.0
202005,4417,"Tools, tool bodies, tool handles, broom or brush bodies and handles, of wood; boot or shoe lasts and trees, of wood.",62652.0
202005,4418,"Builders' joinery and carpentry of wood, including cellular wood panels, assembled flooring panels, shingles and shakes.",4400827.0
202005,4419,"Tableware and kitchenware, of wood.",2982878.0
202005,4420,"Wood marquetry and inlaid wood; caskets and cases for jewellery or cutlery, and similar articles, of wood; statuettes and other ornaments, of wood; wooden articles of furniture (excluding furniture, lighting fixtures and parts thereof)",1472802.0
202005,4421,Other articles of wood.,53267029.0
202005,4501,"Natural cork, raw or merely surface-worked or otherwise cleaned; cork waste; crushed, powdered or ground cork",522354.0
202005,4503,Articles of natural cork.,185265.0
202005,4504,"Agglomerated cork, with or without a binding substance, and articles of agglomerated cork",1334379.0
202005,4601,"Plaits and similar products of plaiting materials, whether or not assembled into strips; plaiting materials, plaits and similar products of plaiting materials, bound together in parallel strands or woven, in sheet form, whether or not being finished articles (for example, mats, matting, screens).",370732.0
202005,4602,"Basketwork, wickerwork and other articles, made directly to shape from plaiting materials or made up from goods of heading 46.01; articles of loofah.",789935.0
202005,4701,Mechanical wood pulp.,237091.0
202005,4702,"Chemical wood pulp, dissolving grades.",206219600.0
202005,4703,"Chemical wood pulp, soda or sulphate, other than dissolving grades.",869790374.0
202005,4704,"Chemical wood pulp, sulphite, other than dissolving grades.",541629.0
202005,4705,Wood pulp obtained by a combination of mechanical and chemical pulping processes.,69031426.0
202005,4706,"Pulps of fibres derived from recovered waste and scrap"" paper or paperboard or of other fibrous cellulosic material""",42492617.0
202005,4707,ecovered (waste and scrap) paper or paperboard.,85848766.0
202005,4801,"Newsprint, in rolls or sheets.",16035643.0
202005,4802,"Uncoated paper and paperboard, of a kind used for writing, printing or other graphic purposes, and non perforated punchcards and punch tape paper, in rolls or rectangular (including square) sheets, of any size, other than paper of heading 48.01 or 48.03; handmade paper and paperboard.",50602725.0
202005,4803,"Toilet or facial tissue stock, towel or napkin stock and similar paper of a kind used for household or sanitary purposes, cellulose wadding and webs of cellulose fibres, whether or not creped, crinkled, embossed, perforated, surfacecoloured, surfacedecorated or printed, in rolls or sheets.",2673318.0
202005,4804,"Uncoated kraft paper and paperboard, in rolls or sheets, other than that of heading 48.02 or 48.03.",97209757.0
202005,4805,"Other uncoated paper and paperboard, in rolls or sheets, not further worked or processed than as specified in Note 3 to this Chapter.",143257660.0
202005,4806,"vegetable parchment, greaseproof papers, tracing papers and glassine and other glazed transparent or translucent papers, in rolls or sheets.",5807143.0
202005,4807,"Composite paper and paperboard (made by sticking flat layers of paper or paperboard together with an adhesive), not surfacecoated or impregnated, whether or not internally reinforced, in rolls or sheets.",1200909.0
202005,4808,"Paper and paperboard, corrugated (with or without glued flat surface sheets), creped, crinkled, embossed or perforated, in rolls or sheets, other than paper of the kind described in heading 48.03.",4775564.0
202005,4809,"Carbon paper, selfcopy paper and other copying or transfer papers (including coated or impregnated paper for duplicator stencils or offset plates), whether or not printed, in rolls or sheets.",648212.0
202005,4810,"Paper and paperboard, coated on one or both sides with kaolin (China clay) or other inorganic substances, with or without a binder, and with no other coating, whether or not surface coloured, surfacedecorated or printed, in rolls or rectangular (including square) sheets, of any size.",72600684.0
202005,4811,"Paper, paperboard, cellulose wadding and webs of cellulose fibres,coated,impregnated,covered, surfacecoloured, surface decorated or printed, in rolls or rectangular (including square) sheets, of any size, other than goods of the kind described in heading 48.03, 48.09 or 48.10.",41279928.0
202005,4812,"Filter blocks, slabs and plates, of paper pulp.",777903.0
202005,4813,"Cigarette paper, whether or not cut to size or in the form of booklets or tubes.",7348468.0
202005,4814,Wallpaper and similar wall coverings; window transparencies of paper.,1565905.0
202005,4816,"Carbon paper, self-copy paper and other copying or transfer papers, in rolls of a width of ≤ 36 cm or in rectangular or square sheets with no side measuring > 36 cm in the unfolded state, or cut into shapes other than rectangles or squares, together with full duplicator stencils and offset plates of paper, whether or not in boxes",323000.0
202005,4817,"Envelopes, letter cards, plain postcards and correspondence cards, of paper or paperboard; boxes, pouches, wallets and writing compendiums, of paper or paperboard, containing an assortment of paper stationery.",136715.0
202005,4818,"Toilet paper and similar paper, cellulose wadding or webs of cellulose fibres, of a kind used for household or sanitary purposes, in rolls of a width ≤ 36 cm, or cut to size or shape; handkerchiefs, cleansing tissues, towels, tablecloths, serviettes, bedsheets and similar household, sanitary or hospital articles, articles of apparel and clothing accessories, of paper pulp, paper, cellulose wadding or webs of cellulose fibres",3539467.0
202005,4819,"Cartons, boxes, cases, bags and other packing containers, of paper, paperboard, cellulose wadding or webs of cellulose fibres, n.e.s.; box files, letter trays, and similar articles, of paperboard of a kind used in offices, shops or the like",9458494.0
202005,4820,"Registers, account books, note books, order books, receipt books, letter pads, memorandum pads,diaries and similar articles, exercise books, blottingpads, binders (looseleaf or other), folders, file covers, manifold business forms, interleaved carbon sets and other articles of stationery, of paper or paperboard; albums for samples or for collections and book covers, of paper or paperboard.",1047054.0
202005,4821,"paper or paperboard labels of all kinds, whether or not printed.",10618815.0
202005,4822,"Bobbins, spools, cops and similar supports of paper pulp, paper or paperboard (whether or not perforated or hardened).",692855.0
202005,4823,"Other paper, paperboard, cellulose wadding and webs of cellulose fibres, cut to size or shape; other articles of paper pulp, paper,paperboard, cellulose wadding or webs of cellulose fibres.",16658938.0
202005,4901,"Printed books, brochures, leaflets and similar printed matter, whether or not in single sheets.",31363422.0
202005,4902,"Newspapers, journals and periodicals, whether or not illustrated or containing advertising material.",36260370.0
202005,4903,"Children's picture, drawing or colouring books.",542044.0
202005,4904,"Music, printed or in manuscript, whether or not bound or illustrated",29478.0
202005,4905,"Maps and hydrographic or similar charts of all kinds, including atlases, wall maps, topographical plans and globes, printed.",157838.0
202005,4906,"Plans and drawings for architectural, engineering, industrial, commercial, topographical or similar purposes, being originals drawn by hand; handwritten texts; photographic reproductions on sensitised paper and carbon copies of the foregoing",28818.0
202005,4907,"Unused postage, revenue or similar stamps of current or new issue in the country in which they have, or will have, a recognised face value; stamp-impressed paper; banknotes; cheque forms; stock, share or bond certificates and similar documents of title",64088774.0
202005,4908,Transfers (decalcomanias),8625029.0
202005,4909,"Printed or illustrated postcards; printed cards bearing personal greetings, messages or announcements, whether or not illustrated, with or without envelopes or trimmings.",171222.0
202005,4910,"Calendars of any kind, printed, including calendar blocks.",200038.0
202005,4911,"Other printed matter, including printed pictures and photographs.",21402537.0
202005,5002,Raw silk (not thrown).,454565.0
202005,5003,"Silk waste (including cocoons unsuitable for reeling, yarn waste and garnetted stock).",647876.0
202005,5004,Silk yarn (other than yarn spun from silk waste) not put up for retail sale.,8423.0
202005,5005,"Yarn spun from silk waste, not put up for retail sale.",182092.0
202005,5006,"Silk yarn and yarn spun from silk waste, put up for retail sale;silkworm gut.",2953.0
202005,5007,Woven fabrics of silk or of silk waste.,1059342.0
202005,5101,"Wool, not carded or combed.",154409744.0
202005,5102,"Fine or coarse animal hair, not carded or combed.",24352840.0
202005,5103,"Waste of wool or of fine or coarse animal hair, including yarn waste but excluding garnetted stock.",168345.0
202005,5105,"Wool and fine or coarse animal hair, carded or combed (including combed wool in fragments).",2638343.0
202005,5106,"Yarn of carded wool, not put up for retail sale.",2208555.0
202005,5107,"Yarn of combed wool, not put up for retail sale.",8728808.0
202005,5108,"yarn of fine animal hair (carded or combed), not put up for retail sale.",4534854.0
202005,5109,"Yarn of wool or of fine animal hair, put up for retail sale.",79220.0
202005,5110,"Yarn of coarse animal hair or of horsehair (including gimped horsehair yarn), whether or not put up for retail sale.",4922.0
202005,5111,Woven fabrics of carded wool or of carded fine animal hair.,4138413.0
202005,5112,Woven fabrics of combed wool or of combed fine animal hair.,13807584.0
202005,5113,Woven fabrics of coarse animal hair or of horsehair.,198595.0
202005,5201,"Cotton, not carded or combed.",123053999.0
202005,5203,"Cotton, carded or combed.",115511.0
202005,5204,"Cotton sewing thread, whether or not put up for retail sale.",77466.0
202005,5205,"Cotton yarn (other than sewing thread), containing 85% or more by weight of cotton, not put up for retail sale.",216711570.0
202005,5206,"otton yarn (other than sewing thread), containing less than 85% by weight of cotton, not put up for retail sale.",11836606.0
202005,5207,otton yarn (other than sewing thread) put up for retail sale.,1643871.0
202005,5208,"Woven fabrics of cotton, containing 85% or more by weight of cotton, weighing not more than 200 g/m2",5857128.0
202005,5209,"Woven fabrics of cotton, containing 85% or more by weight of cotton, weighing more than 200 g/m2",11051101.0
202005,5210,"Woven fabrics of cotton, containing less than 85% by weight of cotton, mixed mainly or solely with manmade fibres, weighing not more than 200 g/m2.",2276067.0
202005,5211,"Woven fabrics of cotton, containing less than 85% by weight of cotton, mixed mainly or solely with manmade fibres, weighing more than 200 g/m2.",5799102.0
202005,5212,Other woven fabrics of cotton.,339164.0
202005,5301,"Flax, raw or processed but not spun; flax tow and waste (including yarn waste and garnetted stock).",67877297.0
202005,5302,"True hemp (Cannabis sativa L.), raw or processed but not spun; tow and waste of true hemp (including yarn waste and garnetted stock).",33652.0
202005,5303,"Jute and other textile bast fibres (excluding flax, true hemp and ramie), raw or processed but not spun; tow and waste of thesefibres (including yarn waste and garnetted stock).",1259083.0
202005,5305,"Coconut, abaca Manila hemp or Musa textilis Nee"", ramie, agave and other vegetable textile fibres, n.e.s., raw or processed, but not spun; tow, noils and waste of such fibres, incl. yarn waste and garnetted stock""",13120257.0
202005,5306,lax yarn.,64101.0
202005,5307,Yarn of jute or of other textile bast fibres of heading 53.03.,5303219.0
202005,5308,Yarn of other vegetable textile fibres; paper yarn.,166737.0
202005,5309,Woven fabrics of flax.,645157.0
202005,5310,Woven fabrics of jute or of other textile bast fibres of heading 5303,595225.0
202005,5311,Woven fabrics of other vegetable textile fibres; woven fabrics of paper yarn.,41251.0
202005,5401,"Sewing thread of manmade filaments, whether or not put up for retail sale.",2335406.0
202005,5402,"Synthetic filament yarn (other than sewing thread), not put up for retail sale, including synthetic monofilament of less than 67 decitex.",65733939.0
202005,5403,"Artificial filament yarn (other than sewing thread), not put up for retail sale, including artificial monofilament of less than 67 decitex.",5240187.0
202005,5404,"Synthetic monofilament of 67 decitex or more and of which no crosssectional dimension exceeds 1 mm; strip and the like (for example, artificial straw) of synthetic textile materials of an apparent width not exceeding 5 mm.",8329531.0
202005,5405,"Artificial monofilament of 67 decitex or more and of which no crosssectional dimension exceeds 1 mm; strip and the like (for example, artificial straw) of artificial textile materials of an apparent width not exceeding 5 mm.",101227.0
202005,5406,"Manmade filament yarn (other than sewing thread), put up for retail sale.",34441.0
202005,5407,"Woven fabrics of synthetic filament yarn, including woven fabrics obtained from materials of heading 54.04.",58136546.0
202005,5408,"Woven fabrics of artificial filament yarn, including woven fabrics obtained from materials of heading 54.05.",6362210.0
202005,5501,Synthetic filament tow.,2275277.0
202005,5502,Artificial filament tow.,7221899.0
202005,5503,"Synthetic staple fibres, not carded, combed or otherwise processed for spinning.",69900347.0
202005,5504,"Artificial staple fibres, not carded, combed or otherwise processed for spinning.",22945101.0
202005,5506,"Synthetic staple fibres, carded, combed or otherwise processed for spinning.",1235938.0
202005,5507,"Artificial staple fibres, carded, combed or otherwise processed for spinning.",55972.0
202005,5508,"Sewing thread of manmade staple fibres, whether or not put up for retail sale.",212260.0
202005,5509,"Yarn (other than sewing thread) of synthetic staple fibres, not put up for retail sale.",8530446.0
202005,5510,"Yarn (other than sewing thread) of artificial staple fibres, not put up for retail sale.",2421869.0
202005,5511,"Yarn (other than sewing thread) of manmade staple fibres, put up for retail sale.",22103.0
202005,5512,"Woven fabrics of synthetic staple fibres, containing 85% or more by weight of synthetic staple fibres.",7843531.0
202005,5513,"Woven fabrics of synthetic staple fibres, containing less than 85% by weight of such fibres, mixed mainly or solely withcotton, of a weight not exceeding 170 g/m2.",2060116.0
202005,5514,"Woven fabrics of synthetic staple fibres, containing less than 85% by weight of such fibres, mixed mainly or solely with cotton, of a weight exceeding 170g/m2.",2843073.0
202005,5515,Other woven fabrics of synthetic staple fibres.,2838998.0
202005,5516,Woven fabrics of artificial staple fibres.,2240071.0
202005,5601,"Wadding of textile materials and articles thereof; textile fibres, not exceeding 5 mm in length (flock),textile dust and mill neps.",12205406.0
202005,5602,"Felt, whether or not impregnated, coated, covered or laminated.",3652371.0
202005,5603,"Nonwovens, whether or not impregnated, coated, covered or laminated.",119320226.0
202005,5604,"Textile-covered rubber thread and cord; textile yarn, strip and the like of heading 5404 and 5405, impregnated, coated, covered or sheathed with rubber or plastics",993290.0
202005,5605,"Metallised yarn, whether or not gimped, being textile yarn, or strip or the like of heading 5404 or 5405, of textile fibres, combined with metal in the form of thread, strip or powder or covered with metal",646893.0
202005,5606,"Gimped yarn, gimped strip and the like of heading 5404 or 5405; chenille yarn, incl. flock chenille yarn, and loop wale-yarn",666751.0
202005,5607,"Twine, cordage, ropes and cables, whether or not plaited or braided and whether or not impregnated, coated, covered or sheathed with rubber or plastics",5212382.0
202005,5608,"Knotted netting of twine, cordage or rope; made up fishing nets and other made up nets, of textile materials.",1013486.0
202005,5609,"Articles of yarn, strip or the like of heading 54.04 or 54.05, twine, cordage, rope or cables, not elsewhere specified or included.",847941.0
202005,5701,"Carpets and other textile floor coverings, knotted, whether or not made up.",178774.0
202005,5702,"Carpets and other textile floor coverings, woven, not tufted or flocked, whether or not made up, incl. Kelem, Schumacks, Karamanie and similar hand-woven rugs",2232685.0
202005,5703,"Carpets and other textile floor coverings, tufted, whether or not made up.",1465844.0
202005,5704,"Carpets and other floor coverings, of felt, not tufted or flocked, whether or not made up",172490.0
202005,5705,"Other carpets and other textile floor coverings, whether or not made up.",345755.0
202005,5801,"Woven pile fabrics and chenille fabrics (excluding terry towelling and similar woven terry fabrics, tufted textile fabrics and narrow woven fabrics of heading 5806)",2394468.0
202005,5802,"Terry towelling and similar woven terry fabrics, tufted textile fabrics (excluding narrow woven fabrics of heading 5806, carpets and other floor coverings)",441346.0
202005,5803,"Gauze, other than narrow fabrics of heading 58.06.",193268.0
202005,5804,"Tulles and other net fabrics, not including woven, knitted or crocheted fabrics; lace in the piece, in strips or in motifs, other than fabrics of headings 60.02 to 60.06.",4641933.0
202005,5805,"Hand-woven tapestries of the type Gobelin, Flanders, Aubusson, Beauvais and the like, and needle-worked tapestries, e.g. petit point, cross-stitch, whether or not made up (excluding Kelem, Schumacks, Karamanie and the like, and tapestries > 100 years old)",12.0
202005,5806,"Narrow woven fabrics of textile materials, with a width of ≤ 30 cm (excluding labels, badges and similar articles); narrow fabrics consisting of warp without weft assembled by means of an adhesive bolducs""""",10080834.0
202005,5807,"Cabels, badges and similar articles of textile materials, in the piece, in strips or cut to shape or size, not embroidered.",3280619.0
202005,5808,"Braids of textile materials, in the piece; ornamental trimmings of textile materials, in the piece, not embroidered, other than knitted or crocheted; tassels, pompons and similar articles of textile materials",482490.0
202005,5809,"Woven fabrics of metal thread and woven fabrics of metallised yarn of heading 5605, of a kind used in apparel, as furnishing fabrics or for similar purposes, n.e.s.",19702.0
202005,5810,"Embroidery on a textile fabric ground, in the piece, in strips or in motifs",1214744.0
202005,5811,"Quilted textile products in the piece, composed of one or more layers of textile materials assembled with padding by stitching or otherwise (excluding embroidery of heading 5810 and quilted fabrics for bedding and furnishings)",1438717.0
202005,5901,"Quilted textile products in the piece, composed of one or more layers of textile materials assembled with padding by stitching or otherwise (excluding embroidery of heading 5810 and quilted fabrics for bedding and furnishings)",718876.0
202005,5902,"Tyre cord fabric of high-tenacity yarn of nylon or other polyamides, polyesters or viscose rayon, whether or not dipped or impregnated with rubber or plastic",4931839.0
202005,5903,"Textile fabrics impregnated, coated, covered or laminated with plastics, other than those of heading 59.02.",58297904.0
202005,5904,"Linoleum, whether or not cut to shape; floor coverings consisting of a coating or covering applied on a textile backing, whether or not cut to shape.",464111.0
202005,5905,Textile wall coverings.,320447.0
202005,5906,"Rubberised textile fabrics, other than those of heading 59.02.",6370566.0
202005,5907,"Impregnated, coated or covered textile fabrics; painted canvas being theatrical scenery, studio backcloths or the like, n.e.s.",3740369.0
202005,5908,"Textile wicks, woven, plaited or knitted, for lamps, stoves, lighters, candles or the like; incandescent gas mantles and tubular knitted gas-mantle fabric for incandescent gas mantles, whether or not impregnated",136616.0
202005,5909,"Textile hosepiping and similar textile tubing, whether or not impregnated or coated, with or without lining, armour or accessories of other materials",378578.0
202005,5910,"Transmission or conveyor belts or belting, of textile material, whether or not impregnated, coated, covered or laminated with plastics, or reinforced with metal or other material.",2781896.0
202005,5911,"Textile products and articles, for technical use, specified in Note 7 to chapter 59",38706352.0
202005,6001,"Pile fabrics, incl. long pile"" fabrics and terry fabrics, knitted or crocheted""",14299467.0
202005,6002,"Knitted or crocheted fabrics of a width not exceeding 30cm, containing by weight 5% or more of elastomeric yarn or rubber thread, other than those of heading 60.01.",609326.0
202005,6003,"Knitted or crocheted fabrics of a width not exceeding 30cm, other than those of heading 60.01 or 60.02.",667922.0
202005,6004,"Knitted or crocheted fabrics of a width exceeding 30 cm, containing by weight 5% or more of elastomeric yarn or rubber thread, other than those of heading 60.01",17153847.0
202005,6005,"Warp knit fabrics (including those made on galloon knitting machines), other than those of headings 60.01 to 60.04.",7425246.0
202005,6006,Other knitted or crocheted fabrics.,30896454.0
202005,6101,"Men's or boys' overcoats, car coats, capes, cloaks, anoraks, incl. ski jackets, windcheaters, wind-jackets and similar articles, knitted or crocheted (excluding suits, ensembles, jackets, blazers, bib and brace overalls and trousers)",843621.0
202005,6102,"Women's or girls' overcoats, carcoats, capes, cloaks, anoraks (including skijackets), windcheaters, windjackets and similar articles, knitted or crocheted, other than those of heading 61.04.",1088865.0
202005,6103,"Men's or boys' suits, ensembles, jackets, blazers, trousers, bib and brace overalls, breeches and shorts",14426903.0
202005,6104,"Women's or girls' suits, ensembles, jackets, blazers, dresses, skirts, divided skirts, trousers, bib and brace overalls, breeches and shorts, knitted or crocheted",17735090.0
202005,6105,"en's or boys' shirts, knitted or crocheted.",14327902.0
202005,6106,"Women's or girls' blouses, shirts and shirt-blouses, knitted or crocheted (excluding T-shirts and vests)",1351163.0
202005,6107,"Men's or boys' underpants, briefs, nightshirts, pyjamas, bathrobes, dressing gowns and similar articles, knitted or crocheted (excluding vests and singlets)",1056486.0
202005,6108,"Women's or girls' slips, petticoats, briefs, panties, nightdresses, pyjamas, négligés, bathrobes, dressing gowns, housecoats and similar articles, knitted or crocheted (excluding T-shirts, vests, brassieres, girdles, corsets and similar articles)",3300877.0
202005,6109,"T-shirts, singlets and other vests, knitted or crocheted",68145316.0
202005,6110,"Jerseys, pullovers, cardigans, waistcoats and similar articles, of wool, knitted or crocheted (excluding wadded waistcoats)",39138785.0
202005,6111,"Babies' garments and clothing accessories of wool or fine animal hair, knitted or crocheted (excluding hats)",2997482.0
202005,6112,"Track-suits, ski-suits and swimwear, knitted or crocheted",722545.0
202005,6113,"Garments, knitted or crocheted, rubberised or impregnated, coated or covered with plastics or other materials (excluding babies' garments and clothing accessories)",314628.0
202005,6114,"Special garments for professional, sporting or other purposes, n.e.s., knitted or crocheted",4061517.0
202005,6115,"Pantyhose, tights, stockings, socks and other hosiery, incl. graduated compression hosiery [e.g., stockings for varicose veins] and footwear without applied soles, knitted or crocheted (excluding for babies)",4409200.0
202005,6116,"Gloves, mittens and mitts, knitted or crocheted (excluding for babies)",1300257.0
202005,6117,"Other made up clothing accessories, knitted or crocheted; knitted or crocheted parts of garments or of clothing accessories.",4300603.0
202005,6201,"Men's or boys' overcoats, car coats, capes, cloaks, anoraks, incl. ski jackets, windcheaters, wind-jackets and similar articles (excluding knitted or crocheted, suits, ensembles, jackets, blazers and trousers)",13904465.0
202005,6202,"Women's or girls' overcoats, car coats, capes, cloaks, anoraks, incl. ski jackets, windcheaters, wind-jackets and similar articles (excluding knitted or crocheted, suits, ensembles, jackets, blazers and trousers)",19166616.0
202005,6203,"Men's or boys' suits, ensembles, jackets, blazers, trousers, bib and brace overalls, breeches and shorts (excluding knitted or crocheted, wind-jackets and similar articles, separate waistcoats, tracksuits, ski suits and swimwear)",40269338.0
202005,6204,"Women's or girls' suits, ensembles, jackets, blazers, dresses, skirts, divided skirts, trousers, bib and brace overalls, breeches and shorts (excluding knitted or crocheted, wind-jackets and similar articles, slips, petticoats and panties, tracksuits, ski suits and swimwear)",62932432.0
202005,6205,Men's or boys' shirts.,10821420.0
202005,6206,"Women's or girls' blouses, shirts and shirtblouses.",6591951.0
202005,6207,"Men's or boys' singlets and other vests, underpants, briefs, nightshirts, pyjamas, bathrobes, dressing gowns and similar articles",270970.0
202005,6208,"Women's or girls' singlets and other vests, slips, petticoats, briefs, panties, nightdresses, pyjamas, négligés, bathrobes, dressing gowns, housecoats and similar articles (excluding knitted or crocheted, brassières, girdles, corsets and similar articles)",1068546.0
202005,6209,Babies garments and clothing accessories of textile materials (excluding knitted or crocheted and hats),606793.0
202005,6210,"Garments made up of felt or nonwovens, whether or not impregnated, coated, covered or laminated; garments of textile fabrics, rubberised or impregnated, coated, covered or laminated with plastics or other substances (excluding knitted or crocheted, and babies' garments and clothing accessories)",6743707.0
202005,6211,"Tracksuits, ski suits, swimwear and other garments, n.e.s.",25016481.0
202005,6212,"Brassieres, girdles, corsets, braces, suspenders, garters and similar articles and parts thereof, of all types of textile materials, whether or not elasticated, incl. knitted or crocheted (excluding belts and corselets made entirely of rubber)",7045674.0
202005,6213,Handkerchiefs,62573.0
202005,6214,"Shawls, scarves, mufflers, mantillas, veils and similar articles",7243171.0
202005,6215,"Ties, bow ties and cravats of textile materials",752020.0
202005,6216,"Gloves, mittens and mitts, of all types of textile materials (excluding knitted or crocheted and for babies)",287842.0
202005,6217,"Made-up clothing accessories and parts of garments or clothing accessories, of all types of textile materials, n.e.s.",4007639.0
202005,6301,Blankets and travelling rugs,1029004.0
202005,6302,"Bed linen, table linen, toilet linen and kitchen linen.",4059505.0
202005,6303,Curtains (including drapes) and interior blinds; curtain or bed valances.,2902504.0
202005,6304,"Other furnishing articles, excluding those of heading 94.04.",1394067.0
202005,6305,"Packs and bags, of a kind used for the packing of goods.",1450224.0
202005,6306,"Tarpaulins, awnings and sunblinds; tents; sails for boats, sailboards or landcraft; camping goods of all types of textile materials",251566.0
202005,6307,"other made up articles, including dress patterns.",33480561.0
202005,6308,"Sets consisting of woven fabric and yarn, whether or not with accessories, for making up into rugs, tapestries, embroideredtable cloths or serviettes, or similar textile articles, put up in packings for retail sale.",1498.0
202005,6401,"Waterproof footwear with outer soles and uppers of rubber or of plastics, the uppers of which are neither fixed to the sole norassembled by stitching, riveting, nailing, screwing, plugging or similar processes.",201703.0
202005,6402,Other footwear with outer soles and uppers of rubber or plastics.,58572352.0
202005,6403,"ootwear with outer soles of rubber, plastics, leather or composition leather and uppers of leather.",143537082.0
202005,6404,"Footwear with outer soles of rubber, plastics, leather or composition leather and uppers of textile materials.",154388783.0
202005,6405,Other footwear.,2166934.0
202005,6406,"Parts of footwear, incl. uppers whether or not attached to soles other than outer soles; removable in-soles, heel cushions and similar articles; gaiters, leggings and similar articles, and parts thereof (excluding articles of asbestos)",26206836.0
202005,6501,"Hatforms, hat bodies and hoods of felt, neither blocked to shape nor with made brims; plateaux and manchons (including slit manchons), of felt.",944.0
202005,6504,"Hats and other headgear, plaited or made by assembling strips of any material, whether or not lined or trimmed.",158956.0
202005,6505,"Hats and other headgear, knitted or crocheted, or made up from lace, felt or other textile fabric, in the piece (but not in strips), whether or not lined or trimmed; hairnets of any material, whether or not lined or trimmed.",5232971.0
202005,6506,"Other headgear, whether or not lined or trimmed.",3030566.0
202005,6507,"Headbands, linings, covers, hat foundations, hat frames, peaks and chinstraps, for headgear.",1064678.0
202005,6601,"Umbrellas and sun umbrellas (including walkingstick umbrellas, garden umbrellas and similar umbrellas).",358384.0
202005,6602,"Walkingsticks, seatsticks, whips, ridingcrops and the like.",165101.0
202005,6603,"Parts, trimmings and accessories of articles of heading 66.01 or 66.02.",81838.0
202005,6701,"Skins and other parts of birds with their feathers or down, feathers, parts of feathers, down and articles thereof (other than goods of heading 05.05 and worked quills and scapes).",192084.0
202005,6702,"Artificial flowers, foliage and fruit and parts thereof; articles made of artificial flowers, foliage or fruit.",68760.0
202005,6703,"Human hair, dressed, thinned, bleached or otherwise worked; wool or other animal hair or other textile materials, prepared for use in making wigs or the like.",8936918.0
202005,6704,"igs, false beards, eyebrows and eyelashes, switches and the like, of human or animal hair or of textile materials; articles of human hair not elsewhere specified or included.",1765137.0
202005,6801,"Setts, curbstones and flagstones, of natural stone (except slate).",7483.0
202005,6802,"Worked monumental or building stone (except slate) and articles thereof, other than goods of heading 68.01; mosaic cubes and the like, of natural stone (including slate), whether or not on a backing; artificially coloured granules, chippings and powder, of natural stone (including slate).",1688354.0
202005,6803,Worked slate and articles of slate or of agglomerated slate.,2586.0
202005,6804,"Millstones, grindstones, grinding wheels and the like, without frameworks, for milling, grinding, pulping, sharpening, polishing, trueing or cutting, hand sharpening or polishing stones, and parts thereof, of natural stone, of agglomerated natural or artificial abrasives, or of ceramics, with or without parts of other materials",26500527.0
202005,6805,"Natural or artificial abrasive powder or grain, on a base of textile material, of paper, of paperboard or of other materials, whether or not cut to shape or sewn or otherwise made up.",15135081.0
202005,6806,"Slag-wool, rock-wool and similar mineral wools; exfoliated vermiculite, expanded clays, foamed slag and similar expanded mineral materials; mixtures and articles of heat-insulating, sound-insulating or sound absorbing mineral materials",8562275.0
202005,6807,"Articles of asphalt or of similar material (for example, petroleum bitumen or coal tar pitch).",833698.0
202005,6808,"Panels, boards, tiles, blocks and similar articles of vegetable fibre, of straw or of shavings, chips, particles, sawdust or other waste, of wood, agglomerated with cement, plaster or other mineral binders.",106741.0
202005,6809,Articles of plaster or of compositions based on plaster.,494420.0
202005,6810,"Articles of cement, of concrete or of artificial stone, whether or not reinforced.",3115626.0
202005,6811,"Articles of asbestos-cement, of cellulose fibre-cement or the like.",308734.0
202005,6812,"Fabricated asbestos fibres; mixtures with a basis of asbestos or with a basis of asbestos and magnesium carbonate; articles of such mixtures or of asbestos (for example, thread, woven fabric, clothing, headgear, footwear, gaskets), whether or not reinforced, other than goods of heading 68.11 or 68.13.",379155.0
202005,6813,"Friction material and articles thereof, e.g., sheets, rolls, strips, segments, discs, washers, pads, not mounted, for brakes, clutches or the like, with a basis of asbestos, other mineral substances or cellulose, whether or not combined with textile or other materials",3903998.0
202005,6814,"Worked mica and articles of mica, including agglomerated or reconstituted mica, whether or not on a support of paper, paperboard or other materials.",1968761.0
202005,6815,"Articles of stone or of other mineral substances (including carbon fibres, articles of carbon fibres and articles of peat), not elsewhere specified or included.",70392835.0
202005,6901,"Bricks, blocks, tiles and other ceramic goods of siliceous fossil meals (for example, kieselguhr, tripolite or diatomite) or of similar siliceous earths.",208371.0
202005,6902,"Refractory bricks, blocks, tiles and similar refractory ceramic constructional goods, other than those of siliceous fossil meals or similar siliceous earths.",11639624.0
202005,6903,"Other refractory ceramic goods (for example, retorts, crucibles, muffles, nozzles, plugs, supports, cupels, tubes, pipes, sheaths and rods), other than those of siliceous fossil meals or of similar siliceous earths.",11320501.0
202005,6904,"Geramic building bricks, flooring blocks, support or filler tiles and the like.",51730.0
202005,6905,"Roofing tiles, chimneypots, cowls, chimney liners, architectural ornaments and other ceramic constructional goods.",188764.0
202005,6906,"Ceramic pipes, conduits, guttering and pipe fittings.",326022.0
202005,6907,"Geramic flags and paving, hearth or wall tiles; ceramic mosaic cubes and the like, whether or not on a backing; finishing ceramics.",7706758.0
202005,6909,"Geramic wares for laboratory, chemical or other technical uses; ceramic troughs, tubs and similar receptacles of a kind used in agriculture; ceramic pots, jars and similar articles of a kind used for the conveyance or packing of goods.",33194295.0
202005,6910,"Geramic sinks, wash basins, wash basin pedestals, baths, bidets, water closet pans, flushing cisterns, urinals and similar sanitary fixtures.",7918085.0
202005,6911,"Tableware, kitchenware, other household articles and toilet articles, of porcelain or china.",5886382.0
202005,6912,"Geramic tableware, kitchenware, other household articles and toilet articles, other than of porcelain or china.",2692290.0
202005,6913,Statuettes and other ornamental ceramic articles.,1197851.0
202005,6914,Other ceramic articles.,9042904.0
202005,7001,Cullet and other waste and scrap of glass; glass in the mass.,5996390.0
202005,7002,"Glass in balls (other than microspheres of heading 70.18), rods or tubes, unworked.",34414195.0
202005,7003,"Cast glass and rolled glass, in sheets or profiles, whether or not having an absorbent, reflecting or nonreflecting layer, but not otherwise worked.",247593295.0
202005,7004,"Drawn glass and blown glass, in sheets, whether or not having an absorbent, reflecting or nonreflecting layer, but not otherwise worked.",2851066.0
202005,7005,"Float glass and surface ground or polished glass, in sheets, whether or not having an absorbent, reflecting or nonreflecting layer, but not otherwise worked.",47972623.0
202005,7006,"Glass of heading 70.03, 70.04 or 70.05, bent, edgeworked, engraved, drilled, enamelled or otherwise worked, but not framed or fitted with other materials.",85123516.0
202005,7007,"safety glass, consisting of toughened (tempered) or laminated glass.",9503159.0
202005,7008,Multiplewalled insulating units of glass.,4602.0
202005,7009,"Glass mirrors, whether or not framed, including rearview mirrors.",17356329.0
202005,7010,"Carboys, bottles, flasks, jars, pots, phials, ampoules and other containers, of glass, of a kind used for the conveyance or packing of goods; preserving jars of glass; stoppers, lids and other closures, of glass.",5016653.0
202005,7011,"Glass envelopes (including bulbs and tubes), open, and glass parts thereof, without fittings, for electric lamps, cathoderay tubes or the like.",548451.0
202005,7013,"Glassware of a kind used for table, kitchen, toilet, office, indoor decoration or similar purposes (other than that of heading 70.10 or 70.18).",9509389.0
202005,7014,"Signalling glassware and optical elements of glass (other than those of heading 70.15), not optically worked.",4860183.0
202005,7015,"Clock or watch glasses and similar glasses, glasses for noncorrective or corrective spectacles, curved, bent, hollowed or the like, not optically worked; hollow glass spheres and their segments, for the manufacture of such glasses.",2049567.0
202005,7016,"Paving blocks, slabs, bricks, squares, tiles and other articles of pressed or moulded glass, whether or not wired, of a kind used for building or construction purposes; glass cubes and other glass smallwares, whether or not on a backing, for mosaics or similar decorative purposes; leaded lights and the like;multicellular or foam glass in blocks, panels, plates, shells or similar forms.",2023522.0
202005,7017,"Laboratory, hygienic or pharmaceutical glassware, whether or not graduated or calibrated.",5102193.0
202005,7018,"Glass beads, imitation pearls, imitation precious or semiprecious stones and similar glass smallwares, and articles thereof otherthan imitation jewellery; glass eyes other than prosthetic articles; statuettes and other ornaments of lampworked glass, other than imitation jewellery; glass microspheres not exceeding 1mm in diameter.",6135909.0
202005,7019,"Glass fibres (including glass wool) and articles thereof (for example, yarn, woven fabrics).",76454097.0
202005,7020,Other articles of glass.,37595185.0
202005,7101,"Pearls, natural or cultured, whether or not worked or graded but not strung, mounted or set; pearls, natural or cultured,temporarily strung for convenience of transport.",731415.0
202005,7102,"Diamonds, whether or not worked, but not mounted or set.",319500741.0
202005,7103,"Precious stones and semi-precious stones, whether or not worked or graded, but not strung, mounted or set, ungraded precious stones and semi-precious stones, temporarily strung for convenience of transport",22414285.0
202005,7104,"Synthetic or reconstructed precious or semiprecious stones, whether or not worked or graded but not strung, mounted or set; ungraded synthetic or reconstructed precious or semiprecious stones, temporarily strung for convenience of transport.",11681474.0
202005,7105,Dust and powder of natural or synthetic precious or semiprecious stones.,1346705.0
202005,7106,"Silver (including silver plated with gold or platinum), unwrought or in semimanufactured forms, or in powder form.",62982139.0
202005,7107,"Base metals clad with silver, not further worked than semimanufactured.",811738.0
202005,7108,"Gold (including gold plated with platinum) unwrought or in semimanufactured forms, or in powder form.",162664669.0
202005,7109,"Base metals or silver, clad with gold, not further worked than semimanufactured.",20367.0
202005,7110,"Platinum, unwrought or in semimanufactured forms, or in powder form.",488100987.0
202005,7111,"Base metals, silver or gold, clad with platinum, not further worked than semimanufactured.",1372213.0
202005,7112,"Waste and scrap of precious metal or of metal clad with precious metal; other waste and scrap containing precious metal or precious metal compounds, of a kind used principally for the recovery of precious metal.",249321.0
202005,7113,"Articles of jewellery and parts thereof, of precious metal or of metal clad with precious metal.",134424671.0
202005,7114,"Articles of goldsmiths' or silversmiths' wares and parts thereof, of precious metal or of metal clad with precious metal.",148233.0
202005,7115,Other articles of precious metal or of metal clad with precious metal.,33999360.0
202005,7116,"Articles of natural or cultured pearls, precious or semiprecious stones (natural, synthetic or reconstructed).",3285195.0
202005,7117,Imitation jewellery.,28569461.0
202005,7118,Coin.,13071.0
202005,7201,"Pig iron and spiegeleisen in pigs, blocks or other primary forms.",98860916.0
202005,7202,Ferroalloys.,706539634.0
202005,7203,"Ferrous products obtained by direct reduction of iron ore and other spongy ferrous products, in lumps, pellets or similar forms; iron having a minimum purity by weight of 99.94%, in lumps, pellets or similar forms.",78972115.0
202005,7204,Ferrous waste and scrap; remelting scrap ingots of iron or steel.,2079325.0
202005,7205,"Nranules and powders, of pig iron, spiegeleisen, iron or steel.",19964428.0
202005,7206,Iron and nonalloy steel in ingots or other primary forms (excluding iron of heading 72.03).,40150.0
202005,7207,Semi-finished products of iron or nonalloy steel.,298246291.0
202005,7208,"Flat-rolled products of iron or nonalloy steel, of a width of 600 mm or more, hotrolled, not clad, plated or coated.",198116717.0
202005,7209,"Flat-rolled products of iron or nonalloy steel, of a width of 600 mm or more, coldrolled (coldreduced), not clad, plated or coated.",81499868.0
202005,7210,"at-rolled products of iron or non-alloy steel, of a width ≥ 600 mm, hot-rolled or cold-rolled cold-reduced"", clad, plated or coated""",101993732.0
202005,7211,"Flat-rolled products of iron or nonalloy steel, of a width of less than 600 mm, not clad, plated or coated.",6550726.0
202005,7212,"Flat-rolled products of iron or nonalloy steel, of a width of less than 600 mm, clad, plated or coated.",13716587.0
202005,7213,"Bars and rods, hotrolled, in irregularly wound coils, of iron or nonalloy steel.",56770407.0
202005,7214,"Other bars and rods of iron or nonalloy steel, not further worked than forged, hotrolled, hotdrawn or hotextruded, but including those twisted after rolling.",78129849.0
202005,7215,Other bars and rods of iron or nonalloy steel.,5887246.0
202005,7216,"Angles, shapes and sections of iron or nonalloy steel.",12317893.0
202005,7217,Wire of iron or nonalloy steel.,6351266.0
202005,7218,Stainless steel in ingots or other primary forms; semifinished products of stainless steel.,100302644.0
202005,7219,"Flat-rolled products of stainless steel, of a width of 600 mm or more.",73906675.0
202005,7220,"Flat-rolled products of stainless steel, of a width of less than 600 mm.",21778732.0
202005,7221,"Bars and rods, hotrolled, in irregularly wound coils, of stainless steel.",7700714.0
202005,7222,"Other bars and rods of stainless steel; angles, shapes and sections of stainless steel.",25690038.0
202005,7223,Wire of stainless steel.,12441751.0
202005,7224,Other alloy steel in ingots or other primary forms; semifinished products of other alloy steel.,8198184.0
202005,7225,"Flat-rolled products of other alloy steel, of a width of 600 mm or more.",118278328.0
202005,7226,"Flat-rolled products of alloy steel other than stainless, of a width of ≥ 600 mm, hot-rolled or cold-rolled cold-reduced"" and further worked (excluding plated or coated with zinc and products of silicon-electrical steel)""",24343158.0
202005,7227,"Bars and rods, hot-rolled, in irregularly wound coils, of other alloy steel.",15785251.0
202005,7228,"Other bars and rods of other alloy steel; angles, shapes and sections, of other alloy steel; hollow drill bars and rods, of alloy or nonalloy steel.",48388610.0
202005,7229,Wire of other alloy steel.,11615123.0
202005,7301,"Sheet piling of iron or steel, whether or not drilled, punched or made from assembled elements; welded angles, shapes and sections, of iron or steel.",11863656.0
202005,7302,"Railway or tramway track construction material of iron or steel, the following : rails, check-rails and rack rails, switch blades, crossing frogs, point rods and other crossing pieces, sleepers cross-ties"", fish-plates, chairs, chair wedges, sole plates ""base plates"", rail clips, bedplates, ties and other material specialised for jointing or fixing rails""",4017392.0
202005,7303,"Tubes, pipes and hollow profiles, of cast iron.",73334.0
202005,7304,"Tubes, pipes and hollow profiles, seamless, of iron (other than cast iron) or steel.",62700945.0
202005,7305,"Other tubes and pipes (for example, welded, riveted or similarly closed), having circular cross-sections, the external diameter of which exceeds 406.4 mm, of iron or steel.",4857071.0
202005,7306,"Other tubes, pipes and hollow profiles (for example, open seam or welded, riveted or similarly closed), of iron or steel.",31682985.0
202005,7307,"Tube or pipe fittings (for example, couplings, elbows, sleeves), of iron or steel.",68782673.0
202005,7308,"Structures (excluding prefabricated buildings of heading 94.06) and parts of structures (for example, bridges and bridgesections, lockgates, towers, lattice masts, roofs, roofing frameworks, doors and windows and their frames and thresholds for doors, shutters, balustrades, pillars and columns), of iron or steel; plates, rods, angles, shapes, sections, tubes and the like, prepared for use in structures, of iron or steel.",32088276.0
202005,7309,"eservoirs, tanks, vats and similar containers for any material (other than compressed or liquefied gas), of iron or steel, of a capacity exceeding 300 l, whether or not lined or heatinsulated, but not fitted with mechanical or thermal equipment.",18790501.0
202005,7310,"anks, casks, drums, cans, boxes and similar containers, for any material (other than compressed or liquefied gas), of iron or steel, of a capacity not exceeding 300 l, whether or not lined or heatinsulated, but not fitted with mechanical or thermal equipment.",7739975.0
202005,7311,"Containers for compressed or liquefied gas, of iron or steel.",12685547.0
202005,7312,"Stranded wire, ropes, cables, plaited bands, slings and the like, of iron or steel, not electrically insulated.",23970522.0
202005,7313,"Barbed wire of iron or steel; twisted hoop or single flat wire, barbed or not, and loosely twisted double wire, of a kind used for fencing, of iron or steel.",4970.0
202005,7314,"Cloth (including endless bands), grill, netting and fencing, of iron or steel wire; expanded metal of iron or steel.",7633420.0
202005,7315,"Chain and parts thereof, of iron or steel.",18854073.0
202005,7316,"Anchors, grapnels and parts thereof, of iron or steel.",94113.0
202005,7317,"Nails, tacks, drawing pins, corrugated nails, staples (other than those of heading 83.05) and similar articles, of iron or steel, whether or not with heads of other material, but excluding such articles with heads of copper.",1390569.0
202005,7318,"Screws, bolts, nuts, coach screws, screw hooks, rivets, cotters, cotterpins, washers (including spring washers) and similar articles, of iron or steel.",187886477.0
202005,7319,"Sewing needles, knitting needles, bodkins, crochet hooks, embroidery stilettos and similar articles, for use in the hand, of iron or steel; safety pins and other pins of iron or steel, not elsewhere specified or included.",574829.0
202005,7320,"Springs and leaves for springs, of iron or steel.",38608413.0
202005,7321,"Stoves, ranges, grates, cookers (including those with subsidiary boilers for central heating), barbecues, braziers, gasrings, plate warmers and similar nonelectric domestic appliances, and parts thereof, of iron or steel.",3563889.0
202005,7322,"Radiators for central heating, not electrically heated, and parts thereof, of iron or steel; air heaters and hot air distributors (including distributors which can also distribute fresh or conditioned air), not electrically heated, incorporating a motordriven fan or blower, and parts thereof, of iron or steel.",1497046.0
202005,7323,"Table, kitchen or other household articles and parts thereof, of iron or steel; iron or steel wool; pot scourers and scouring or polishing pads, gloves and the like, of iron or steel.",8199712.0
202005,7324,"Sanitary ware and parts thereof, of iron or steel.",1924580.0
202005,7325,Other cast articles of iron or steel.,5513539.0
202005,7326,Other articles of iron or steel.,161374142.0
202005,7401,Copper mattes; cement copper (precipitated copper).,8172263.0
202005,7402,Unrefined copper; copper anodes for electrolytic refining.,345309778.0
202005,7403,"Refined copper and copper alloys, unwrought.",1722163969.0
202005,7404,Copper waste and scrap.,292959922.0
202005,7405,Master alloys of copper.,4294730.0
202005,7406,Copper powders and flakes.,32931407.0
202005,7407,"Copper bars, rods and profiles.",35215181.0
202005,7408,Copper wire.,52029671.0
202005,7409,"Copper plates, sheets and strip, of a thickness exceeding 0.15mm.",75335129.0
202005,7410,"Copper foil (whether or not printed or backed with paper, paperboard, plastics or similar backing materials) of a thickness (excluding any backing) not exceeding 0.15 mm.",209023992.0
202005,7411,Copper tubes and pipes.,12075518.0
202005,7412,"Copper tube or pipe fittings (for example, couplings, elbows, sleeves).",12257134.0
202005,7413,"Stranded wire, cables, plaited bands and the like, of copper, not electrically insulated.",7444804.0
202005,7415,"Nails, tacks, drawing pins, staples (other than those of heading 83.05) and similar articles, of copper or of iron or steel with heads of copper; screws, bolts, nuts, screw hooks, rivets, cotters, cotterpins, washers (including spring washers) and similar articles, of copper.",9492009.0
202005,7418,"Table, kitchen or other household articles and parts thereof, of copper; pot scourers and scouring or polishing pads, gloves and the like, of copper; sanitary ware and parts thereof, of copper.",1083446.0
202005,7419,Other articles of copper.,34983355.0
202005,7501,"Nickel mattes, nickel oxide sinters and other intermediate products of nickel metallurgy.",65950593.0
202005,7502,nwrought nickel.,134503076.0
202005,7503,Nickel waste and scrap.,777536.0
202005,7504,Nickel powders and flakes.,23705343.0
202005,7505,"Nickel bars, rods, profiles and wire.",21558519.0
202005,7506,"Nickel plates, sheets, strip and foil.",13000645.0
202005,7507,"Nickel tubes, pipes and tube or pipe fittings (for example, couplings, elbows, sleeves).",5608974.0
202005,7508,Other articles of nickel.,14186660.0
202005,7601,Unwrought aluminium.,133647693.0
202005,7602,Aluminium waste and scrap.,69001263.0
202005,7603,Aluminium powders and flakes.,1351964.0
202005,7604,"Aluminium bars, rods and profiles.",20197141.0
202005,7605,Aluminium wire.,4391159.0
202005,7606,"Aluminium plates, sheets and strip, of a thickness exceeding 0.2 mm.",78534482.0
202005,7607,"Aluminium foil (whether or not printed or backed with paper, paperboard, plastics or similar backing materials) of a thickness (excluding any backing) not exceeding 0.2 mm.",86550971.0
202005,7608,Aluminium tubes and pipes.,4317789.0
202005,7609,"Aluminium tube or pipe fittings (for example, couplings, elbows, sleeves).",3984456.0
202005,7610,"Aluminium structures (excluding prefabricated buildings of heading 94.06) and parts of structures (for example, bridges and bridgesections, towers, lattice masts, roofs, roofing frameworks, doors and windows and their frames and thresholds for doors, balustrades, pillars and columns); aluminium plates, rods, profiles, tubes and the like, prepared for use in structures.",5354321.0
202005,7611,"Aluminium reservoirs, tanks, vats and similar containers, for any material (other than compressed or liquefied gas), of a capacity exceeding 300 l, whether or not lined or heatinsulated, but not fitted with mechanical or thermal equipment.",1417737.0
202005,7612,"Aluminium casks, drums, cans, boxes and similar containers (including rigid or collapsible tubular containers), for any material (other than compressed or liquefied gas), of a capacity not exceeding 300 l, whether or not lined or heatinsulated, but not fitted with mechanical or thermal equipment.",1649485.0
202005,7613,Aluminium containers for compressed or liquefied gas.,763925.0
202005,7614,"Stranded wire, cables, plaited bands and the like, of aluminium, not electrically insulated.",5699.0
202005,7615,"Table, kitchen or other household articles and parts thereof, of aluminium; pot scourers and scouring or polishing pads, gloves and the like, of aluminium; sanitary ware and parts thereof, of aluminium.",3268363.0
202005,7616,Other articles of aluminium.,53377030.0
202005,7801,Unwrought lead.,7594301.0
202005,7804,"Lead plates, sheets, strip and foil; lead powders and flakes.",83917.0
202005,7806,Other articles of lead.,909055.0
202005,7901,Unwrought zinc.,101491204.0
202005,7902,zinc waste and scrap.,25884607.0
202005,7903,"zinc dust, powders and flakes.",3204123.0
202005,7904,"Zinc bars, rods, profiles and wire.",470376.0
202005,7905,"Zinc plates, sheets, strip and foil.",640927.0
202005,7907,Other articles of zinc.,2930573.0
202005,8001,Unwrought tin.,58467941.0
202005,8003,"Tin bars, rods, profiles and wire.",4449150.0
202005,8007,Other articles of tin.,1724854.0
202005,8101,"Wungsten (wolfram) and articles thereof, including waste and scrap.",3273020.0
202005,8102,"Molybdenum and articles thereof, including waste and scrap.",4630562.0
202005,8103,"Tantalum and articles thereof, including waste and scrap.",8026029.0
202005,8104,"Magnesium and articles thereof, including waste and scrap.",450004.0
202005,8105,"Cobalt mattes and other intermediate products of cobalt metallurgy; cobalt and articles thereof, including waste and scrap.",110917610.0
202005,8106,"Bismuth and articles thereof, including waste and scrap.",191570.0
202005,8107,"Cadmium and articles thereof, including waste and scrap.",460138.0
202005,8108,"Titanium and articles thereof, including waste and scrap.",41837002.0
202005,8109,"Zirconium and articles thereof, including waste and scrap.",1511140.0
202005,8110,"Antimony and articles thereof, including waste and scrap.",70852.0
202005,8111,"Manganese and articles thereof, including waste and scrap.",957252.0
202005,8112,"Beryllium, chromium, germanium, vanadium, gallium, hafnium, indium, niobium (columbium), rhenium and thallium, and articles of these metals, including waste and scrap.",9329920.0
202005,8113,"Cermets and articles thereof, including waste and scrap.",6825357.0
202005,8201,"Hand tools, the following : spades, shovels, mattocks, picks, hoes, forks and rakes; axes, bill hooks and similar hewing tools; secateurs and pruners of any kind; scythes, sickles, hay knives, hedge shears, timber wedges and other tools of a kind used in agriculture, horticulture or forestry.",531812.0
202005,8202,"Hand saws; blades for saws of all kinds (including slitting, slotting or toothless saw blades).",11857610.0
202005,8203,"Files, rasps, pliers (including cutting pliers), pincers, tweezers, metal cutting shears, pipecutters, bolt croppers, perforating punches and similar hand tools.",3486301.0
202005,8204,"Hand-operated spanners and wrenches (including torque meter wrenches but not including tap wrenches); interchangeable spanner sockets, with or without handles.",9535851.0
202005,8205,"Hand tools (including glaziers' diamonds), not elsewhere specified or included; blow lamps; vices, clamps and the like, other than accessories for and parts of, machinetools or waterjet cutting machines; anvils; portable forges; hand or pedaloperated grinding wheels with frameworks.",6999830.0
202005,8206,"Tools of two or more of the headings 82.02 to 82.05, put up in sets for retail sale.",1931683.0
202005,8207,"Interchangeable tools for hand tools, whether or not poweroperated, or for machinetools (for example, for pressing, stamping, punching, tapping, threading, drilling, boring, broaching, milling, turning or screw driving), including dies for drawing or extruding metal, and rock drilling or earth boring tools.",106672616.0
202005,8208,"Knives and cutting blades, for machines or for mechanical appliances.",63826999.0
202005,8209,"Plates, sticks, tips and the like for tools, unmounted, of cermets.",16078682.0
202005,8210,"Hand-operated mechanical appliances, weighing 10 kg or less, used in the preparation, conditioning or serving of food or drink.",206996.0
202005,8211,"Knives with cutting blades, serrated or not (including pruning knives), other than knives of heading 82.08, and blades therefor.",2036058.0
202005,8212,Razors and razor blades (including razor blade blanks in strips).,8302439.0
202005,8213,"Scissors, tailors' shears and similar shears, and blades therefor.",1113661.0
202005,8214,"Other articles of cutlery (for example, hair clippers, butchers' or kitchen cleavers, choppers and mincing knives, paper knives); manicure or pedicure sets and instruments (including nail files).",2106124.0
202005,8215,"Spoons, forks, ladles, skimmers, cakeservers, fishknives, butterknives, sugar tongs and similar kitchen or tableware.",1230796.0
202005,8301,"Padlocks and locks (key, combination or electrically operated), of base metal; clasps and frames with clasps, incorporating locks, of base metal; keys for any of the foregoing articles, of base metal",31671069.0
202005,8302,"Base metal mountings, fittings and similar articles suitable for furniture, doors, staircases, windows, blinds, coachwork, saddlery, trunks, chests, caskets or the like; base metal hatracks, hatpegs, brackets and similar fixtures; castors with mountings of base metal; automatic door closers of base metal",49144761.0
202005,8303,"Armoured or reinforced safes, strongboxes and doors and safe deposit lockers for strongrooms, cash or deed boxes and the like, of base metal",547634.0
202005,8304,"Filing cabinets, cardindex cabinets, paper trays, paper rests, pen trays, officestamp stands and similar office or desk equipment, of base metal, other than office furniture of heading 9403",18063.0
202005,8305,"Fittings for looseleaf binders or files, letter clips, letter corners, paper clips, indexing tags and similar office articles, of base metal; staples in strips (for example, for offices, upholstery, packaging), of base metal",389547.0
202005,8306,"Bells, gongs and the like, nonelectric, of base metal; statuettes and other ornaments, of base metal; photograph, picture or similar frames, of base metal; mirrors of base metal",1151116.0
202005,8307,"Flexible tubing of base metal, with or without fittings",9207870.0
202005,8308,"Clasps, frames with clasps, buckles, buckleclasps, hooks, eyes, eyelets and the like, of base metal, of a kind used for clothing or clothing accessories, footwear, jewellery, wristwatches, books, awnings, leather goods, travel goods or saddlery or for other made up articles; tubular or bifurcated rivets, of base metal; beads and spangles, of base metal",6246011.0
202005,8309,"Stoppers, caps and lids (including crown corks, screw caps and pouring stoppers), capsules for bottles, threaded bungs, bung covers, seals and other packing accessories, of base metal",7038876.0
202005,8310,"Signplates, nameplates, addressplates and similar plates, numbers, letters and other symbols, of base metal, excluding those of heading 9405",4123354.0
202005,8311,"Wire, rods, tubes, plates, electrodes and similar products, of base metal or of metal carbides, coated or cored with flux material, of a kind used for soldering, brazing, welding or deposition of metal or of metal carbides; wire and rods, of agglomerated base metal powder, used for metal spraying",13122675.0
202005,8401,"Nuclear reactors; fuel elements (cartridges), nonirradiated, for nuclear reactors; machinery and apparatus for isotopicseparation.",10096975.0
202005,8402,Steam or other vapour generating boilers (other than central heating hot water boilers capable also of producing low pressure steam); superheated water boilers.,7913654.0
202005,8403,Central heating boilers other than those of heading 8402.,11833784.0
202005,8404,"Auxiliary plant for use with boilers of heading 84.02 or 84.03 (for example, economisers, superheaters, soot removers, gas recoverers); condensers for steam or other vapour power units.",959648.0
202005,8405,"Producer gas or water gas generators, with or without their purifiers; acetylene gas generators and similar water process gas generators, with or without their purifiers.",2533768.0
202005,8406,Steam turbines and other vapour turbines.,22108305.0
202005,8407,Sparkignition reciprocating or rotary internal combustion piston engines.,149652589.0
202005,8408,Compressionignition internal combustion piston engines (diesel or semidiesel engines).,250305318.0
202005,8409,Parts suitable for use solely or principally with the engines of heading 84.07 or 84.08.,226611701.0
202005,8410,"Hydraulic turbines, water wheels, and regulators therefor.",203366.0
202005,8411,"Turbojets, turbopropellers and other gas turbines.",379517986.0
202005,8412,Other engines and motors.,145071118.0
202005,8413,"Pumps for liquids, whether or not fitted with a measuring device; liquid elevators.",344029606.0
202005,8414,"Air or vacuum pumps, air or other gas compressors and fans; ventilating or recycling hoods incorporating a fan, whether or not fitted with filters.",433240632.0
202005,8415,"Air conditioning machines, comprising a motordriven fan and elements for changing the temperature and humidity, including those machines in which the humidity cannot be separately regulated.",30695664.0
202005,8416,"Furnace burners for liquid fuel, for pulverised solid fuel or for gas; mechanical stokers, including their mechanical grates,mechanical ash dischargers and similar appliances.",14878405.0
202005,8417,"Industrial or laboratory furnaces and ovens, including incinerators, nonelectric.",10452526.0
202005,8418,"Refrigerators, freezers and other refrigerating or freezing equipment, electric or other; heat pumps other than air conditioning machines of heading 84.15.",69531556.0
202005,8419,"Machinery, plant or laboratory equipment, whether or not electrically heated (excluding furnaces, ovens and other equipment of heading 85.14), for the treatment of materials by a process involving a change of temperature such as heating, cooking, roasting, distilling, rectifying, sterilising, pasteurising, other than machinery or plant of a kind used for domestic purposes; instantaneous or storage water heaters, nonelectric.",176560156.0
202005,8420,"Calendering or other rolling machines, other than for metals or glass, and cylinders therefor.",21393003.0
202005,8421,"Centrifuges, including centrifugal dryers; filtering or purifying machinery and apparatus, for liquids or gases.",433348547.0
202005,8422,"Dish washing machines; machinery for cleaning or drying bottles or other containers; machinery for filling, closing, sealing or labelling bottles, cans, boxes, bags or other containers; machinery for capsuling bottles, jars, tubes and similar containers; other packing or wrapping machinery (including heatshrink wrapping machinery); machinery for aerating beverages.",117931900.0
202005,8423,"Weighing machinery (excluding balances of a sensitivity of 5 cg or better), including weight operated counting or checking machines; weighing machine weights of all kinds.",7309619.0
202005,8424,"Mechanical appliances (whether or not handoperated) for projecting, dispersing or spraying liquids or powders; fire extinguishers, whether or not charged; spray guns and similar appliances; steam or sand blasting machines and similar jet projecting machines.",101819020.0
202005,8425,Pulley tackle and hoists other than skip hoists; winches and capstans; jacks.,18944804.0
202005,8426,"Ships' derricks; cranes, including cable cranes; mobile lifting frames, straddle carriers and works trucks fitted with a crane.",17522828.0
202005,8427,Forklift trucks; other works trucks fitted with lifting or handling equipment.,20196432.0
202005,8428,"Other lifting, handling, loading or unloading machinery (for example, lifts, escalators, conveyors, teleferics).",161204674.0
202005,8429,"Self-propelled bulldozers, angledozers, graders, levellers, machines and road rollers.",82134954.0
202005,8430,"Other moving, grading, levelling, scraping, excavating, tamping, compacting, extracting or boring machinery, for earth, minerals or ores; piledrivers and pileextractors; snowploughs and snowblowers.",56234935.0
202005,8431,Parts suitable for use solely or principally with the machinery of headings 84.25 to 84.30.,169872717.0
202005,8432,"Agricultural, horticultural or forestry machinery for soil preparation or cultivation; lawn or sportsground rollers.",6211224.0
202005,8433,"Harvesting or threshing machinery, including straw or fodder balers; grass or hay mowers; machines for cleaning, sorting or grading eggs, fruit or other agricultural produce, other than machinery of heading 84.37.",117440401.0
202005,8434,Milking machines and dairy machinery.,2137895.0
202005,8435,"Presses, crushers and similar machinery used in the manufacture of wine, cider, fruit juices or similar beverages.",65011.0
202005,8436,"Other agricultural, horticultural, forestry, poultrykeeping or beekeeping machinery, including germination plant fitted with mechanical or thermal equipment; poultry incubators and brooders.",10360473.0
202005,8437,"Machines for cleaning, sorting or grading seed, grain or dried leguminous vegetables; machinery used in the milling industry or for the working of cereals or dried leguminous vegetables, other than farmtype machinery.",1272243.0
202005,8438,"Machinery, not specified or included elsewhere in this Chapter, for the industrial preparation or manufacture of food or drink, other than machinery for the extraction or preparation of animal or fixed vegetable fats or oils.",31339470.0
202005,8439,Machinery for making pulp of fibrous cellulosic material or for making or finishing paper or paperboard.,14255585.0
202005,8440,"Bookbinding machinery, including booksewing machines.",5546633.0
202005,8441,"Other machinery for making up paper pulp, paper or paperboard, including cutting machines of all kinds.",13521575.0
202005,8442,"Machinery, apparatus and equipment (other than the machines of headings 84.56 to 84.65) for preparing or making plates, cylinders or other printing components; plates, cylinders and other printing components; plates, cylinders and lithographic stones, prepared for printing purposes (for example, planed, grained or polished).",3240118.0
202005,8443,"Printing machinery used for printing by means of plates, cylinders and other printing components of heading 84.42; other printers, copying machines and facsimile machines,whether or not combined; parts and accessories thereof.",437732549.0
202005,8444,"Machines for extruding, drawing, texturing or cutting man-made textile materials",84880144.0
202005,8445,"Machines for preparing textile fibres; spinning, doubling or twisting machines and other machinery for producing textile yarns; textile reeling or winding (including weftwinding) machines and machines for preparing textile yarns for use on the machines of heading 84.46 or 84.47.",34792439.0
202005,8446,Weaving machines (looms),19993008.0
202005,8447,"Knitting machines, stitchbonding machines and machines for making gimped yarn, tulle, lace, embroidery, trimmings, braid or net and machines for tufting.",6536070.0
202005,8448,"Auxiliary machinery for use with machines of heading 84.44, 84.45, 84.46 or 84.47 (for example, dobbies, Jacquards, automatic stop motions, shuttle changing mechanisms); parts and accessories suitable for use solely or principally with the machines of this heading or of heading 84.44, 84.45, 84.46 or 84.47 (for example, spindles and spindle flyers, card clothing, combs, extruding nipples, shuttles, healds and healdframes, hosiery needles).",40854027.0
202005,8449,"Machinery for the manufacture or finishing of felt or 84.49 nonwovens in the piece or in shapes, including machinery for making felt hats; blocks for making hats.",5989204.0
202005,8450,"Household or laundrytype washing machines, including machines which both wash and dry.",5110430.0
202005,8451,"Machinery (other than machines of heading 84.50) for washing, cleaning, wringing, drying, ironing, pressing (including fusing presses), bleaching, dyeing, dressing, finishing, coating or impregnating textile yarns, fabrics or made up textile articles and machines for applying the paste to the base fabric or other support used in the manufacture of floor coverings such as linoleum; machines for reeling, unreeling, folding, cutting or pinking textile fabrics.",37669450.0
202005,8452,"Sewing machines, other than booksewing machines of heading 84.40; furniture, bases and covers specially designed for sewing machines; sewing machine needles.",7270537.0
202005,8453,"Machinery for preparing, tanning or working hides, skins or leather or for making or repairing footwear or other articles of hides, skins or leather, other than sewing machines.",4954101.0
202005,8454,"Converters, ladles, ingot moulds and casting machines, of a kind used in metallurgy or in metal foundries.",17923468.0
202005,8455,Metalrolling mills and rolls therefor.,33532776.0
202005,8456,"Machine tools for working any material by removal of material, by laser or other light or photon beam, ultrasonic, electrodischarge, electrochemical, electron beam, ionicbeam or plasma arc processes; waterjet cutting machines.",91753482.0
202005,8457,"Machining centres, unit construction machines (single station) and multistation transfer machines, for working metal.",172906873.0
202005,8458,Lathes (including turning centres) for removing metal.,37576773.0
202005,8459,"Machinetools (including waytype unit head machines) for drilling, boring, milling, threading or tapping by removing metal, other than lathes (including turning centres) of heading 84.58.",18560302.0
202005,8460,"Machinetools for deburring, sharpening, grinding, honing, lapping, polishing or otherwise finishing metal or cermets by means of grinding stones, abrasives or polishing products, other heading 84.61.",63086773.0
202005,8461,"Machinetools for planing, shaping, slotting, broaching, gear cutting, gear grinding or gear finishing, sawing, cuttingoff and other machinetools working by removing metal or cermets, not elsewhere specified or included.",33003481.0
202005,8462,"Machinetools (including presses) for working metal by forging, hammering or diestamping; machinetools (including presses) for working metal by bending, folding, straightening, flattening, shearing, punching or notching; presses for working metal or metal carbides, not specified above.",60582590.0
202005,8463,"Other machinetools for working metal or cermets, without removing material.",10110628.0
202005,8464,"Machinetools for working stone, ceramics, concrete, asbestoscement or like mineral materials or for cold working glass.",15136035.0
202005,8465,"Machinetools (including machines for nailing, stapling, glueing or otherwise assembling) for working wood, cork, bone, hard rubber, hard plastics or similar hard materials.",22774102.0
202005,8466,"Parts and accessories suitable for use solely or principally with the machines of headings 84.56 to 84.65, including work or tool holders, selfopening dieheads, dividing heads and other special attachments for the machines; tool holders for any type of tool for working in the hand.",123724444.0
202005,8467,"Tools for working in the hand, pneumatic, hydraulic or with selfcontained electric or nonelectric motor.",44541894.0
202005,8468,"Machinery and apparatus for soldering, brazing or welding, whether or not capable of cutting, other than those of heading 85.15; gasoperated surface tempering machines and appliances.",2203137.0
202005,8470,"Calculating machines and pocketsize data recording, reproducing and displaying machines with calculating functions; accounting machines, postagefranking machines, ticketissuing machines and similar machines, incorporating a calculating device; cash registers.",5107996.0
202005,8471,"Automatic data processing machines and units thereof; magnetic or optical readers, machines for transcribing data onto data media in d form and machines for processing such data, not elsewhere specified or included.",2607727871.0
202005,8472,"Other office machines (for example, hectograph or stencil duplicating machines, addressing machines, automatic banknote dispensers, coinsorting machines, coincounting or wrapping machines, pencilsharpening machines, perforating or stapling machines).",1474972.0
202005,8473,"Parts and accessories (other than covers, carrying cases and the like) suitable for use solely or principally with machines of headings 84.70 to 84.72.",1709777914.0
202005,8474,"Machinery for sorting, screening, separating, washing, crushing, grinding, mixing or kneading earth, stone, ores or other mineral substances, in solid (including powder or paste) form; machinery for agglomerating, shaping or moulding solid mineral fuels, ceramic paste, unhardened cements, plastering materials or other mineral products in powder or paste form; machines for forming foundry moulds of sand.",38435782.0
202005,8475,"Machines for assembling electric or electronic lamps, tubes or valves or flashbulbs, in glass envelopes; machines for manufacturing or hot working glass or glassware.",5224709.0
202005,8476,"Automatic goodsvending machines (for example, postage stamp, cigarette, food or beverage machines), including moneychanging machines.",4532435.0
202005,8477,"Machinery for working rubber or plastics or for the manufacture of products from these materials, not specified or included elsewhere in this Chapter.",195628151.0
202005,8478,"Machinery for preparing or making up tobacco, not specified or included elsewhere in this Chapter.",12779948.0
202005,8479,"Machines and mechanical appliances having individual functions, not specified or included elsewhere in this Chapter.",973368120.0
202005,8480,"Moulding boxes for metal foundry; mould bases; moulding patterns; moulds for metal (other than ingot moulds), metal carbides, glass, mineral materials, rubber or plastics.",65291959.0
202005,8481,"Taps, cocks, valves and similar appliances for pipes, boiler shells, tanks, vats or the like, including pressurereducing valves and thermostatically controlled valves.",688322584.0
202005,8482,Ball or roller bearings.,330501463.0
202005,8483,"Transmission shafts (including cam shafts and crank shafts) and cranks; bearing housings and plain shaft bearings; gears and gearing; ball or roller screws; gear boxes and other speed changers, including torque converters; flywheels and pulleys, including pulley blocks; clutches and shaft couplings (including universal joints).",388116234.0
202005,8484,"Gaskets and similar joints of metal sheeting combined with other material or of two or more layers of metal; sets or assortments of gaskets and similar joints, dissimilar in composition, put up in pouches, envelopes or similar packings; mechanical seals.",44742112.0
202005,8486,"Machines and apparatus of a kind used solely or principally for the manufacture of semiconductor boules or wafers, semiconductor devices, electronic integrated circuits or flat panel displays; machines and apparatus specified in Note 9 (C) to this Chapter; parts and accessories.",2256259685.0
202005,8487,"Machinery parts, not containing electrical connectors, insulators, coils, contacts or other electrical features, not specified or included elsewhere in this Chapter.",55271771.0
202005,8501,Electric motors and generators (excluding generating sets).,276637617.0
202005,8502,Electric generating sets and rotary converters.,30191938.0
202005,8503,Parts suitable for use solely or principally with the machines of heading 85.01 or 85.02.,65405783.0
202005,8504,"Electrical transformers, static converters (for example, rectifiers) and inductors.",876364109.0
202005,8505,"Electromagnets; permanent magnets and articles intended to become permanent magnets after magnetisation; electromagnetic or permanent magnet chucks, clamps and similar holding devices; electromagnetic couplings, clutches and brakes; electromagnetic lifting heads.",62122565.0
202005,8506,Primary cells and primary batteries.,32024284.0
202005,8507,"Electric accumulators, including separators therefor, whether or not rectangular (including square).",342498678.0
202005,8508,Vacuum cleaners.,16802197.0
202005,8509,"Electromechanical domestic appliances, with selfcontained electric motor, other than vacuum cleaners of heading 85.08.",26827267.0
202005,8510,"Shavers, hair clippers and hairremoving appliances, with selfcontained electric motor.",17633680.0
202005,8511,"Electrical ignition or starting equipment of a kind used for sparkignition or compressionignition internal combustion engines (for example, ignition magnetos, magnetodynamos, ignition coils, sparking plugs and glow plugs, starter motors); generators (for example, dynamos, alternators) and cutouts of a kind used in conjunction with such engines.",72185246.0
202005,8512,"Electrical lighting or signalling equipment (excluding articles of heading 85.39), windscreen wipers, defrosters and demisters, of a kind used for cycles or motor vehicles.",144776661.0
202005,8513,"Portable electric lamps designed to function by their own source of energy (for example, dry batteries, accumulators, magnetos), other than lighting equipment of heading 85.12.",1287347.0
202005,8514,Industrial or laboratory electric furnaces and ovens (including those functioning by induction or dielectric loss); other industrial or laboratory equipment for the heat treatment of materials by induction or dielectric loss.,56861739.0
202005,8515,"Electric (including electrically heated gas), laser or other light or photon beam, ultrasonic, electron beam, magnetic pulse or plasma arc soldering, brazing or welding machines and apparatus, whether or not capable of cutting; electric machines and apparatus for hot spraying of metals or cermets.",56230138.0
202005,8516,"Electric instantaneous or storage water heaters and immersion heaters; electric space heating apparatus and soil heating apparatus; electrothermic hairdressing apparatus (for example, hair dryers, hair curlers, curling tong heaters) and hand dryers; electric smoothing irons; other electrothermic appliances of a kind used for domestic purposes; electric heating resistors, other than those of heading 85.45.",99688304.0
202005,8517,"Telephone sets, including telephones for cellular networks or for other wireless networks; other apparatus for the transmission or reception of voice, images or other data, including apparatus for communication in a wired or wireless network (such as a local or wide area network), other than transmission or reception apparatus of heading 84.43, 85.25, 85.27 or 85.28.",2691917274.0
202005,8518,"Microphones and stands therefor; loudspeakers, whether or not mounted in their enclosures; headphones and earphones, whether or not combined with a microphone, and sets consisting of a microphone and one or more loudspeakers; audiofrequency electric amplifiers; electric sound amplifier sets.",294858301.0
202005,8519,Sound recording or reproducing apparatus.,4182699.0
202005,8521,"Video recording or reproducing apparatus, whether or not incorporating a video tuner.",56755663.0
202005,8522,Parts and accessories suitable for use solely or principally with the apparatus of heading 85.19 or 85.21.,11699514.0
202005,8523,"Discs, tapes, solidstate nonvolatile storage devices, .smart cards. and other media for the recording of sound or of other phenomena, whether or not recorded, including matrices and masters for the production of discs, but excluding products of Chapter 37.",305087815.0
202005,8525,"Transmission apparatus for radiobroadcasting or television, whether or not incorporating reception apparatus or sound recording or reproducing apparatus; television cameras, digital cameras and video camera recorders.",167447092.0
202005,8526,"Radar apparatus, radio navigational aid apparatus and radio remote control apparatus.",53081061.0
202005,8527,"Reception apparatus for radiobroadcasting, whether or not combined, in the same housing, with sound recording or reproducing apparatus or a clock.",6872259.0
202005,8528,"Monitors and projectors, not incorporating television reception apparatus; reception apparatus for television, whether or not incorporating radiobroadcast receivers or sound or video recording or reproducing apparatus.",55470858.0
202005,8529,Parts suitable for use solely or principally with the apparatus of headings 85.25 to 85.28.,701434791.0
202005,8530,"Electrical signalling, safety or traffic control equipment for railways, tramways, roads, inland waterways, parking facilities, port installations or airfields (other than those of heading 86.08).",2168826.0
202005,8531,"Electric sound or visual signalling apparatus (for example, bells, sirens, indicator panels, burglar or fire alarms), other than those of heading 85.12 or 85.30.",75867201.0
202005,8532,"Electrical capacitors, fixed, variable or adjustable (preset).",847701469.0
202005,8533,"Electrical resistors (including rheostats and potentiometers), other than heating resistors.",211612515.0
202005,8534,Printed circuits.,791479841.0
202005,8535,"Electrical apparatus for switching or protecting electrical circuits, or for making connections to or in electrical circuits (for example, switches, fuses, lightning arresters, voltage limiters, surge suppressors, plugs and other connectors, junction boxes), for a voltage exceeding 1,000 volts.",26207402.0
202005,8536,"Electrical apparatus for switching or protecting electrical circuits, or for making connections to or in electrical circuits (for example, switches, relays, fuses, surge suppressors, plugs, sockets, lampholders and other connectors, junction boxes), for a voltage not exceeding 1,000 volts; connectors for optical fibres, optical fibre bundles or cables.",1137680510.0
202005,8537,"Boards, panels, consoles, desks, cabinets and other bases, equipped with two or more apparatus of heading 85.35 or 85.36, for electric control or the distribution of electricity, including those incorporating instruments or apparatus of Chapter 90, and numerical control apparatus, other than switching apparatus of heading 85.17.",449451131.0
202005,8538,Apparatus for protecting electrical circuits for a voltage ≤ 1000 V (excluding fuses and automatic circuit breakers),308522887.0
202005,8539,"Electric filament or discharge lamps, including sealed beam lamp units and ultra-violet or infra-red lamps; arc-lamps; light-emitting diode (LED) lamps",41310083.0
202005,8540,"Thermionic, cold cathode or photocathode valves and tubes (for example, vacuum or vapour or gas filled valves and tubes, mercury arc rectifying valves and tubes, cathoderay tubes, television camera tubes).",8618311.0
202005,8541,"Diodes, transistors and similar semiconductor devices; photosensitive semiconductor devices, including photovoltaic cells whether or not assembled in modules or made up into panels; light-emitting diodes (LED); mounted piezo-electric crystals.",2018614633.0
202005,8542,Electronic integrated circuits.,26604937853.0
202005,8543,"Electrical machines and apparatus, having individual functions, not specified or included elsewhere in this Chapter.",501390903.0
202005,8544,"Insulated (including enamelled or anodised) wire, cable (including coaxial cable) and other insulated electric conductors, whether or not fitted with connectors; optical fibre cables, made up of individually sheathed fibres, whether or not assembled with electric conductors or fitted with connectors.",461341018.0
202005,8545,"Carbon electrodes, carbon brushes, lamp carbons, battery carbons and other articles of graphite or other carbon, with or without metal, of a kind used for electrical purposes.",11037471.0
202005,8546,Electrical insulators of any material.,34160582.0
202005,8547,"Insulating fittings for electrical machines, appliances or equipment, being fittings wholly of insulating material apart from any minor components of metal (for example, threaded sockets) incorporated during moulding solely for purposes of assembly, other than insulators of heading 85.46; electrical conduit tubing and joints therefor, of base metal lined with insulating material.",51374968.0
202005,8548,"Waste and scrap of primary cells, primary batteries and electric accumulators; spent primary cells, spent primary batteries and spent electric accumulators; electrical parts of machinery or apparatus, not specified or included elsewhere in this Chapter.",134523967.0
202005,8602,Other rail locomotives; locomotive tenders.,1519872.0
202005,8603,"Selfpropelled railway or tramway coaches, vans and trucks, other than those of heading 86.04.",1369680.0
202005,8604,"Railway or tramway maintenance or service vehicles, whether or not selfpropelled (for example, workshops, cranes, ballast tampers, trackliners, testing coaches and track inspection vehicles).",25565.0
202005,8607,Parts of railway or tramway locomotives or rollingstock.,55279272.0
202005,8608,"Railway or tramway track fixtures and fittings; mechanical 86.08 (including electromechanical) signalling, safety or traffic control equipment for railways, tramways, roads, inland parts of the foregoing.",5166044.0
202005,8609,Containers (including containers for the transport of fluids) specially designed and equipped for carriage by one or more modes of transport.,1106724.0
202005,8701,Tractors (other than tractors of heading 87.09).,16970372.0
202005,8702,"Motor vehicles for the transport of ten or more persons, including the driver.",160000.0
202005,8703,"Motor cars and other motor vehicles principally designed for the transport of persons (other than those of heading 87.02), including station wagons and racing cars.",1735131209.0
202005,8704,Motor vehicles for the transport of goods.,102383207.0
202005,8705,"Special purpose motor vehicles, other than those principally designed for the transport of persons or goods (for example, breakdown lorries, crane lorries, fire fighting vehicles, concretemixer lorries, road sweeper lorries, spraying lorries, mobile workshops, mobile radiological units).",12810835.0
202005,8706,"Chassis fitted with engines, for the motor vehicles of headings 87.01 to 87.05.",5528039.0
202005,8707,"Bodies (including cabs), for the motor vehicles of headings 87.01 to 87.05.",1133141.0
202005,8708,Parts and accessories of the motor vehicles of headings 87.01 to,1504059643.0
202005,8709,"Works trucks, selfpropelled, not fitted with lifting or handling equipment, of the type used in factories, warehouses, dock areas or airports for short distance transport of goods; tractors of the type used on railway station platforms; parts of the foregoing vehicles.",735809.0
202005,8711,"Motorcycles (including mopeds) and cycles fitted with an auxiliary motor, with or without sidecars; sidecars.",35952616.0
202005,8712,"Bicycles and other cycles (including delivery tricycles), not motorised.",2867273.0
202005,8713,"Carriages for disabled persons, whether or not motorised or otherwise mechanically propelled.",271244.0
202005,8714,Parts and accessories of vehicles of headings 87.11 to 87.13.,35330261.0
202005,8715,Baby carriages and parts thereof.,627094.0
202005,8716,"Trailers and semitrailers; other vehicles, not mechanically propelled; parts thereof.",6940369.0
202005,8802,"Other aircraft (for example, helicopters, aeroplanes); spacecraft (including satellites) and suborbital and spacecraft launch vehicles.",443293953.0
202005,8803,Parts of goods of heading 88.01 or 88.02.,193521463.0
202005,8804,Parachutes (including dirigible parachutes and paragliders) and rotochutes; parts thereof and accessories thereto.,177005.0
202005,8805,Aircraft launching gear; deckarrestor or similar gear; ground flying trainers; parts of the foregoing articles.,4137083.0
202005,8903,Yachts and other vessels for pleasure or sports; rowing boats and canoes.,4526338.0
202005,8905,"Lightvessels, firefloats, dredgers, floating cranes and other vessels the navigability of which is subsidiary to their main function; floating docks; floating or submersible drilling or production platforms.",454807500.0
202005,8906,"Other vessels, including warships and lifeboats other than rowing boats.",159322.0
202005,8907,"Other floating structures (for example, rafts, tanks, cofferdams, landingstages, buoys and beacons).",958505.0
202005,9001,"Optical fibres and optical fibre bundles; optical fibre cables other than those of heading 85.44; sheets and plates of polarising material; lenses (including contact lenses), prisms, mirrors and other optical elements, of any material, unmounted, other than such elements of glass not optically worked.",570564101.0
202005,9002,"Lenses, prisms, mirrors and other optical elements, of any material, mounted, being parts of or fittings for instruments or apparatus, other than such elements of glass not optically worked.",289775566.0
202005,9003,"Frames and mountings for spectacles, goggles or the like, and parts thereof.",7958155.0
202005,9004,"Spectacles, goggles and the like, corrective, protective or other.",19801778.0
202005,9005,"Binoculars, monoculars, other optical telescopes, and mountings therefor; other astronomical instruments and mountings therefor, but not including instruments for radioastronomy.",927839.0
202005,9006,Photographic (other than cinematographic) cameras; photographic flashlight apparatus and flashbulbs other than discharge lamps of heading 85.39.,9985986.0
202005,9007,"Cinematographic cameras and projectors, whether or not incorporating sound recording or reproducing apparatus.",3461026.0
202005,9008,"Image projectors, other than cinematographic; photographic (other than cinematographic) enlargers and reducers.",254131.0
202005,9010,"Apparatus and equipment for photographic (including cinematographic) laboratories, not specified or included elsewhere in this Chapter; negatoscopes; projection screens.",14261995.0
202005,9011,"Compound optical microscopes, including those for photomicrography, cinephotomicrography or microprojection.",52046386.0
202005,9012,Microscopes other than optical microscopes; diffraction apparatus.,49834574.0
202005,9013,"Liquid crystal devices not constituting articles provided for more specifically in other headings; lasers, other than laser diodes; other optical appliances and instruments, not specified or included elsewhere in this Chapter.",1957556213.0
202005,9014,Direction finding compasses; other navigational instruments and appliances.,17968175.0
202005,9015,"Surveying (including photogrammetrical surveying), hydrographic, oceanographic, hydrological, meteorological or geophysical instruments and appliances, excluding compasses; rangefinders.",84271289.0
202005,9016,"Balances of a sensitivity of 5 cg or better, with or without weights.",3095413.0
202005,9017,"Drawing, markingout or mathematical calculating instruments (for example, drafting machines, pantographs, protractors, drawing sets, slide rules, disc calculators); instruments for measuring length, for use in the hand (for example, measuring rods and tapes, micrometers, callipers), not specified or included elsewhere in this Chapter.",6645577.0
202005,9018,"Instruments and appliances used in medical, surgical, dental or veterinary sciences, including scintigraphic apparatus, other electromedical apparatus and sighttesting instruments.",757997493.0
202005,9019,"Mechanotherapy appliances; massage apparatus; psychological aptitudetesting apparatus; ozone therapy, oxygen therapy, aerosol therapy, artificial respiration or other therapeutic respiration apparatus.",28069802.0
202005,9020,"Other breathing appliances and gas masks, excluding protective masks having neither mechanical parts nor replaceable filters.",5239502.0
202005,9021,"Orthopaedic appliances, including crutches, surgical belts and trusses; splints and other fracture appliances; artificial parts of the body; hearing aids and other appliances which are worn or carried, or implanted in the body, to compensate for a defect or disability.",233604470.0
202005,9022,"Apparatus based on the use of Xrays or of alpha, beta or gamma radiations, whether or not for medical, surgical, dental or veterinary uses, including radiography or radiotherapy apparatus, Xray tubes and other Xray generators, high tension generators, control panels and desks, screens, examination or treatment tables, chairs and the like.",270801402.0
202005,9023,"Instruments, apparatus and models, designed for 90.23 demonstrational purposes (for example, in education or exhibitions), unsuitable for other uses.",11576470.0
202005,9024,"Machines and appliances for testing the hardness, strength, compressibility, elasticity or other mechanical properties of materials (for example, metals, wood, textiles, paper, plastics).",20392662.0
202005,9025,"Hydrometers and similar floating instruments, thermometers, pyrometers, barometers, hygrometers and psychrometers, recording or not, and any combination of these instruments.",74031725.0
202005,9026,"Instruments and apparatus for measuring or checking the flow, level, pressure or other variables of liquids or gases (for example, flow meters, level gauges, manometers, heat meters), excluding instruments and apparatus of heading 90.14, 90.15, 90.28 or 90.32.",234452623.0
202005,9027,"Instruments and apparatus for physical or chemical analysis (for example, polarimeters, refractometers, spectrometers, gas or smoke analysis apparatus); instruments and apparatus for measuring or checking viscosity, porosity, expansion, surface tension or the like; instruments and apparatus for measuring or checking quantities of heat, sound or light (including exposure meters); microtomes.",692444586.0
202005,9028,"Gas, liquid or electricity supply or production meters, including calibrating meters therefor.",8972668.0
202005,9029,"Revolution counters, production counters, taximeters, mileometers, pedometers and the like; speed indicators and tachometers, other than those of heading 90.14 or 90.15; stroboscopes.",29740938.0
202005,9030,"Oscilloscopes, spectrum analysers and other instruments and apparatus for measuring or checking electrical quantities, excluding meters of heading 90.28; instruments and apparatus for measuring or detecting alpha, beta, gamma, Xray, cosmic or other ionising radiations.",403831748.0
202005,9031,"Measuring or checking instruments, appliances and machines, not specified or included elsewhere in this Chapter; profile projectors.",1013469638.0
202005,9032,Automatic regulating or controlling instruments and apparatus.,386240376.0
202005,9033,"Parts and accessories (not specified or included elsewhere in this Chapter) for machines, appliances, instruments or apparatus of Chapter 90.",7939906.0
202005,9101,"Wristwatches, pocketwatches and other watches, including stopwatches, with case of precious metal or of metal clad with precious metal.",45424306.0
202005,9102,"Wristwatches, pocketwatches and other watches, including stopwatches, other than those of heading 91.01.",138951907.0
202005,9103,"Clocks with watch movements, excluding clocks of heading 91.04.",11104.0
202005,9104,"Instrument panel clocks and clocks of a similar type for vehicles, aircraft, spacecraft or vessels.",619650.0
202005,9105,Other clocks.,554369.0
202005,9106,"Time of day recording apparatus and apparatus for measuring, recording or otherwise indicating intervals of time, with clock or watch movement or with synchronous motor (for example, timeregisters, timerecorders).",264581.0
202005,9107,Time switches with clock or watch movement or with synchronous motor.,169457.0
202005,9108,"Watch movements, complete and assembled.",15224464.0
202005,9109,"Clock movements, complete and assembled.",65142.0
202005,9110,"Complete watch or clock movements, unassembled or partly assembled (movement sets); incomplete watch or clock movements, assembled; rough watch or clock movements.",825366.0
202005,9111,Watch cases and parts thereof.,13765577.0
202005,9112,"Clock cases and cases of a similar type for other goods of this Chapter, and parts thereof.",10865.0
202005,9113,"Watch straps, watch bands and watch bracelets, and parts thereof.",8585854.0
202005,9114,Other clock or watch parts.,10569433.0
202005,9201,"Pianos, including automatic pianos; harpsichords and other keyboard stringed instruments.",13939861.0
202005,9202,"Other string musical instruments (for example, guitars, violins, harps).",685244.0
202005,9205,"Wind musical instruments (for example, keyboard pipe organs, accordions, clarinets, trumpets, bagpipes), other than fairground organs and mechanical street organs.",1110227.0
202005,9206,"Percussion musical instruments (for example, drums, xylophones, cymbals, castanets, maracas).",804357.0
202005,9207,"Musical instruments, the sound of which is produced, or must be amplified, electrically (for example, organs, guitars, accordions).",4059999.0
202005,9208,"Musical boxes, fairground organs, mechanical street organs, mechanical singing birds, musical saws and other musical instruments not falling within any other heading of this Chapter; decoy calls of all kinds; whistles, call horns and other mouthblown sound signalling instruments.",118224.0
202005,9209,"Parts (for example, mechanisms for musical boxes) and accessories (for example, cards, discs and rolls for mechanical instruments) of musical instruments; metronomes, tuning forks and pitch pipes of all kinds.",5254796.0
202005,9304,"Other arms (for example, spring, air or gas guns and pistols, truncheons), excluding those of heading 93.07.",2458.0
202005,9305,Parts and accessories of articles of headings 93.01 to 93.04.,1602.0
202005,9306,"Bombs, grenades, torpedoes, mines, missiles and similar munitions of war and parts thereof; cartridges and other ammunition and projectiles and parts thereof, including shot and cartridge wads.",2871919.0
202005,9307,"Swords, cutlasses, bayonets, lances and similar arms and parts thereof and scabbards and sheaths therefor.",699.0
202005,9401,"Seats (other than those of heading 94.02), whether or not convertible into beds, and parts thereof.",66770417.0
202005,9402,"Medical, surgical, dental or veterinary furniture (for example, operating tables, examination tables, hospital beds with mechanical fittings, dentists' chairs); barbers' chairs and similar chairs, having rotating as well as both reclining and elevating movements; parts of the foregoing articles.",9117498.0
202005,9403,Other furniture and parts thereof.,67715293.0
202005,9404,"Mattress supports; articles of bedding and similar furnishing (for example, mattresses, quilts, eiderdowns, cushions, pouffes and pillows) fitted with springs or stuffed or internally fitted with any material or of cellular rubber or plastics, whether or not covered.",11289290.0
202005,9405,"Lamps and lighting fittings including searchlights and spotlights and parts thereof, not elsewhere specified or included; illuminated signs, illuminated nameplates and the like, having a permanently fixed light source, and parts thereof not elsewhere specified or included.",27019604.0
202005,9406,Prefabricated buildings.,5768205.0
202005,9503,"Tricycles, scooters, pedal cars and similar wheeled toys; dolls' carriages; dolls; other toys; reducedsize (scale"") models and similar recreational models, working or not; puzzles of all kinds.""",63526947.0
202005,9504,"Video game consoles and machines, articles for funfair, table or parlour games, including pintables, billiards, special tables for casino games and automatic bowling alley equipment.",50915160.0
202005,9505,"Festive, carnival or other entertainment articles, including conjuring tricks and novelty jokes.",456395.0
202005,9506,"Articles and equipment for general physical exercise, gymnastics, athletics, other sports (including tabletennis) or outdoor games, not specified or included elsewhere in this Chapter; swimming pools and paddling pools.",25178079.0
202005,9507,"Fishing rods, fishhooks and other line fishing tackle; fish landing nets, butterfly nets and similar nets; decoy birds?(other than those of heading 92.08 or 97.05) and similar hunting or shooting requisites.",11229074.0
202005,9508,"Roundabouts, swings, shooting galleries and other fairground amusements; travelling circuses and travelling menageries; travelling theatres.",17225704.0
202005,9601,"Worked ivory, bone, tortoiseshell, horn, antlers, coral, motherofpearl and other animal carving material, and articles of these materials (including articles obtained by moulding).",86560.0
202005,9602,"Worked vegetable or mineral carving material and articles of 96.02 these materials; moulded or carved articles of wax, of stearin, of natural gums or natural resins or of modelling pastes, and other moulded or carved articles, not elsewhere specified or included; worked, unhardened gelatin (except gelatin of heading 35.03) and articles of unhardened gelatin.",236993.0
202005,9603,"Brooms, brushes (including brushes constituting parts of machines, appliances or vehicles), handoperated mechanical floor sweepers, not motorised, mops and feather dusters; prepared knots and tufts for broom or brush making; paint pads and rollers; squeegees (other than roller squeegees).",20441049.0
202005,9604,Hand sieves and hand riddles.,13238.0
202005,9605,"Travel sets for personal toilet, sewing or shoe or clothes cleaning.",79982.0
202005,9606,"Buttons, pressfasteners, snapfasteners and pressstuds, button moulds and other parts of these articles; button blanks.",6960932.0
202005,9607,Slide fasteners and parts thereof.,10793149.0
202005,9608,"Ball point pens; felt tipped and other poroustipped pens and markers; fountain pens, stylograph pens and other pens; duplicating stylos; propelling or sliding pencils; penholders, pencilholders and similar holders; parts (including caps and clips) of the foregoing articles, other than those of heading 96.09.",17309613.0
202005,9609,"Pencils (other than pencils of heading 96.08), crayons, pencil leads, pastels, drawing charcoals, writing or drawing chalks and tailors' chalks.",2600330.0
202005,9610,"Slates and boards, with writing or drawing surfaces, whether or not framed.",436520.0
202005,9611,"Date, sealing or numbering stamps, and the like (including devices for printing or embossing labels), designed for operating in the hand; handoperated composing sticks and hand printing sets incorporating such composing sticks.",490101.0
202005,9612,"Typewriter or similar ribbons, inked or otherwise prepared for giving impressions, whether or not on spools or in cartridges; inkpads, whether or not inked, with or without boxes.",7825081.0
202005,9613,"Cigarette lighters and other lighters, whether or not mechanical or electrical, and parts thereof other than flints and wicks.",5406654.0
202005,9614,"Smoking pipes (including pipe bowls) and cigar or cigarette holders, and parts thereof.",561189.0
202005,9615,"Combs, hairslides and the like; hairpins, curling pins, curling grips, haircurlers and the like, other than those of heading 85.16,and parts thereof.",1722784.0
202005,9616,"Scent sprays and similar toilet sprays, and mounts and heads therefor; powderpuffs and pads for the application of cosmetics or toilet preparations.",2314436.0
202005,9617,"Vacuum flasks and other vacuum vessels, complete with cases; parts thereof other than glass inners.",6498234.0
202005,9618,Tailors' dummies and other lay figures; automata and other animated displays used for shop window dressing.,529363.0
202005,9619,"Sanitary towels (pads) and tampons, napkins and napkin liners for babies and similar articles, of any material.",97687223.0
202005,9620,"Monopods, bipods, tripods and similar articles.",640762.0
202005,9701,"Paintings, drawings and pastels, executed entirely by hand, other than drawings of heading 49.06 and other than handpainted or handdecorated manufactured articles; collages and similar decorative plaques.",15397434.0
202005,9702,"Original engravings, prints and lithographs.",2202.0
202005,9703,"Original sculptures and statuary, in any material.",326441.0
202005,9704,"Postage or revenue stamps, stamppostmarks, firstday covers, postal stationery (stamped paper), and the like, used or unused, other than those of heading 49.07.",46298.0
202005,9705,"Collections and collectors' pieces of zoological, botanical, mineralogical, anatomical, historical, archaeological, palaeontological, ethnographic or numismatic interest.",210224.0
202005,9706,Antiques of an age exceeding one hundred years.,7222108.0
202005,9801,Commodities not classified accroding to kind,284595.0
202005,9804,Articles of low value in simplified customs procedures,584077408.0
202005,9805,Articles of B2C cross-border e-commerce,208422189.0
