Date of data,Commodity code,Commodity,US dollar
202009,0102,Live bovine animals,5065346
202009,0103,Live swine,51308530
202009,0104,Live sheep and goats,30657
202009,0105,"Live poultry, that is to say, fowls of the species Gallus domesticus, ducks, geese, turkeys and guinea fowls",143087
202009,0106,Other live animals,1192619
202009,0202,"Meat of bovine animals, frozen",37788
202009,0203,"Meat of swine, fresh, chilled or frozen",6252509
202009,0204,"Meat of sheep or goats, fresh, chilled or frozen",1214230
202009,0205,"Meat of horses, asses, mules or hinnies, fresh, chilled or frozen",219382
202009,0206,"Edible offal of bovine animals, swine, sheep, goats, horses, asses, mules or hinnies, fresh, chilled or frozen",64261
202009,0207,"Meat and edible offal, of the poultry of heading 0105, fresh, chilled or frozen",48820145
202009,0208,"Other meat and edible meat offal, fresh, chilled or frozen",4169797
202009,0210,"Meat and edible meat offal, salted, in brine, dried or smoked; edible flours and meals of meat or meat offal",296055
202009,0301,Live fish,52291519
202009,0302,"Fish, fresh or chilled, excluding fish fillets and other fish meat of heading 0304",15602730
202009,0303,"Fish, frozen, excluding fish fillets and other fish meat of heading 0304",210724905
202009,0304,"Fish fillets and other fish meat (whether or not minced), fresh, chilled or frozen",300531448
202009,0305,"Fish, dried, salted or in brine; smoked fish, whether or not cooked before or during the smoking process; flours, meals and pellets of fish, fit for human consumption",37722109
202009,0306,"Crustaceans, whether in shell or not, live, fresh, chilled, frozen, dried, salted or in brine; smoked crustaceans, whether in shell or not, whether or not cooked before or during the smoking process; crustaceans, in shell, cooked by steaming or by boiling in water, whether or not chilled, frozen, dried, salted or in brine; flours, meals and pellets of crustaceans, fit for human consumption",98069367
202009,0307,"Molluscs, whether in shell or not, live, fresh, chilled, frozen, dried, salted or in brine; smoked molluscs, whether in shell or not, whether or not cooked before or during the smoking process; flours, meals and pellets of molluscs, fit for human consumption",232586857
202009,0308,"Aquatic invertebrates other than crustaceans and molluscs, live, fresh, chilled, frozen, dried, salted or in brine; smoked aquatic invertebrates other than crustaceans and molluscs, whether or not cooked before or during the smoking process; flours, meals and pellets of aquatic invertebrates other than crustaceans and molluscs, fit for human consumption",7560821
202009,0401,"Milk and cream, not concentrated nor containing added sugar or other sweetening matter.",2243094
202009,0402,"Milk and cream, concentrated or containing added sugar or other sweetening matter",1500082
202009,0403,"Buttermilk, curdled milk and cream, yogurt, kephir and other fermented or acidified milk and cream, whether or not concentrated or containing added sugar or other sweetening matter or flavoured or containing added fruit, nuts or cocoa",815131
202009,0404,"Whey, whether or not concentrated or containing added sugar or other sweetening matter; products consisting of natural milk constituents, whether or not containing added sugar or other sweetening matter, not elsewhere specified or included",333111
202009,0405,Butter and other fats and oils derived from milk; dairy spreads,518381
202009,0406,Cheese and curd,255157
202009,0407,"Birds' eggs, in shell, fresh, preserved or cooked",13483730
202009,0408,"Birds' eggs, not in shell, and egg yolks, fresh, dried, cooked by steaming or by boiling in water, moulded, frozen or otherwise preserved, whether or not containing added sugar or other sweetening matter",1389831
202009,0409,atural honey,19878296
202009,0410,"dible products of animal origin, not elsewhere specified or included",6655704
202009,0502,"Pigs', hogs' or boars' bristles and hair; badger hair and other brush making hair; waste of such bristles or hair",6424241
202009,0504,"Guts, bladders and stomachs of animals (other than fish), whole and pieces thereof, fresh, chilled, frozen, salted, in brine, dried or smoked",84040107
202009,0505,"Skins and other parts of birds, with their feathers or down, feathers and parts of feathers (whether or not with trimmed edges) and down, not further worked than cleaned, disinfected or treated for preservation;powder and waste of feathers or parts of feathers",38205712
202009,0506,"Bones and horncores, unworked, defatted, simply prepared (but not cut to shape), treated with acid or degelatinised; powder and waste of these products",65419
202009,0507,"Ivory, tortoiseshell, whalebone and whalebone hair, horns, antlers, hooves, nails, claws and beaks, unworked or simply prepared but not cut to shape; powder and waste of these products",1400677
202009,0508,"Coral and similar materials, unworked or simply prepared bunot otherwise worked; shells of molluscs, crustaceans or echinoderms and cuttlebone, unworked or simply prepared bunot cut to shape, powder and waste thereof",445705
202009,0510,"Ambergris, castoreum, civet and musk; cantharides; bile, whether or not dried; glands and other animal products used in the preparation of pharmaceutical products, fresh, chilled, frozen or otherwise provisionally preserved",121955
202009,0511,"Animal products not elsewhere specified or included; dead animals of Chapter 1 or 3, unfit for human consumption",12790131
202009,0601,"Bulbs, tubers, tuberous roots, corms, crowns and rhizomes, dormant, in growth or in flower; chicory plants and roots other than roots of heading 12.12.",74478
202009,0602,"Other live plants (including their roots), cuttings and slips; mushroom spawn.",23484488
202009,0603,"Cut flowers and flower buds of a kind suitable for bouquets or for ornamental purposes, fresh, dried, dyed, bleached, impregnated or otherwise prepared.",11704917
202009,0604,"Foliage, branches and other parts of plants, without flowers or flower buds, and grasses, mosses and lichens, being goods of a kind suitable for bouquets or for ornamental purposes, fresh,dried, dyed, bleached, impregnated or otherwise prepared",5560336
202009,0701,"Potatoes, fresh or chilled.",28592358
202009,0702,"Tomatoes, fresh or chilled.",28586123
202009,0703,"Onions, shallots, garlic, leeks and other alliaceous vegetables, fresh or chilled.",192840758
202009,0704,"Cabbages, cauliflowers, kohlrabi, kale and similar edible brassicas, fresh or chilled.",73089488
202009,0705,"Lettuce (Lactuca sativa) and chicory (Cichorium spp.), fresh or chilled.",18590326
202009,0706,"Carrots, turnips, salad beetroot, salsify, celeriac, radishes and similar edible roots, fresh or chilled.",47321274
202009,0707,"Cucumbers and gherkins, fresh or chilled.",4721871
202009,0708,"Leguminous vegetables, shelled or unshelled, fresh or chilled.",15645287
202009,0709,"Other vegetables, fresh or chilled.",97785955
202009,0710,"Vegetables (uncooked or cooked by steaming or boiling in water),frozen.",103024137
202009,0711,"Vegetables provisionally preserved (for example, by sulphur dioxide gas, in brine, in sulphur water or in other preservative solutions), but unsuitable in that state for immediate consumption.",13976733
202009,0712,"Dried vegetables, whole, cut, sliced, broken or in powder, but not further prepared.",143941081
202009,0713,"Dried leguminous vegetables, shelled, whether or not skinned or split.",20926271
202009,0714,"Manioc, arrowroot, salep, Jerusalem artichokes, sweet potatoes and similar roots and tubers with high starch or inulin content, fresh, chilled, frozen or dried, whether or not sliced or in the form of pellets; sago pith.",14262035
202009,0801,"Coconuts, Brazil nuts and cashew nuts, fresh or dried, whether or not shelled or peeled.",53884
202009,0802,"Other nuts, fresh or dried, whether or not shelled or peeled.",50996534
202009,0803,"Bananas, including plantains, fresh or dried.",1657730
202009,0804,"Dates, figs, pineapples, avocados, guavas, mangoes and mangosteens, fresh or dried.",8942803
202009,0805,"Citrus fruit, fresh or dried.",60823645
202009,0806,"Grapes, fresh or dried.",252536897
202009,0807,"Melons (including watermelons) and papaws (papayas), fresh.",30690064
202009,0808,"Apples, pears and quinces, fresh.",252511260
202009,0809,"Apricots, cherries, peaches (including nectarines), plums and sloes, fresh.",11717108
202009,0810,"Other fruit, fresh.",91881905
202009,0811,"Fruit and nuts, uncooked or cooked by steaming or boiling in water, frozen, whether or not containing added sugar or other sweetening matter.",21339606
202009,0812,"Fruit and nuts, provisionally preserved (for example, by sulphur dioxide gas, in brine, in sulphur water or in other preservative solutions), but unsuitable in that state for immediate consumption.",1801025
202009,0813,"Fruit, dried, other than that of headings 08.01 to 08.06; mixtures of nuts or dried fruits of this Chapter.",13018887
202009,0814,"Peel of citrus fruit or melons (including watermelons), fresh, frozen, dried or provisionally preserved in brine, in sulphur water or in other preservative solutions.",444325
202009,0901,"Coffee, whether or not roasted or decaffeinated; coffee husks and skins; coffee substitutes containing coffee in any proportion.",6480734
202009,0902,"Tea, whether or not flavoured.",158017604
202009,0904,Pepper of the genus Piper; dried or crushed or ground fruits of the genus Capsicum or of the genus Pimenta.,38010497
202009,0906,Cinnamon and cinnamontree flowers.,28016407
202009,0907,"loves (whole fruit, cloves and stems).",257748
202009,0908,"Nutmeg, mace and cardamoms.",73449
202009,0909,"Seeds of anise, badian, fennel, coriander, cumin or caraway; juniper berries.",4576065
202009,0910,"Ginger, saffron, turmeric (curcuma), thyme, bay leaves, curry and other spices.",76993344
202009,1003,Barley,3653
202009,1004,Oats,4654
202009,1005,Maize (corn).,82489
202009,1006,Rice.,66822474
202009,1007,Grain sorghum.,1130939
202009,1008,"Buckwheat, millet and canary seeds; other cereals.",1112264
202009,1101,Wheat or meslin flour.,3004631
202009,1102,Cereal flours other than of wheat or meslin.,118206
202009,1103,"Cereal groats, meal and pellets.",840
202009,1104,"Cereal grains otherwise worked (for example, hulled, rolled, flaked, pearled, sliced or kibbled), except rice of heading 10.06; germ of cereals, whole, rolled, flaked or ground.",2952248
202009,1105,"Flour, meal, powder, flakes, granules and pellets of potatoes.",104088
202009,1106,"Flour, meal and powder of the dried leguminous vegetables of heading 07.13, of sago or of roots or tubers of heading 07.14 or of the products of Chapter 8.",1277901
202009,1107,"Malt, whether or not roasted.",17261827
202009,1108,tarches; inulin.,13056642
202009,1109,"Wheat gluten, whether or not dried.",9491083
202009,1201,"Soya beans, whether or not broken.",2244265
202009,1202,"Groundnuts, not roasted or otherwise cooked, whether or not shelled or broken.",12401818
202009,1204,"Linseed, whether or not broken.",90472
202009,1206,"Sunflower seeds, whether or not broken.",23710903
202009,1207,"Other oil seeds and oleaginous fruits, whether or not broken.",11580964
202009,1208,"Flours and meals of oil seeds or oleaginous fruits, other than those of mustard.",2627981
202009,1209,"Seeds, fruit and spores, of a kind used for sowing.",6985024
202009,1210,"Hop cones, fresh or dried, whether or not ground, powdered or in the form of pellets; lupulin.",10457
202009,1211,"lants and parts of plants (including seeds and fruits), of a kind used primarily in perfumery, in pharmacy or for insecticidal, fungicidal or similar purposes, fresh, chilled, frozen or dried, whether or not cut, crushed or powdered.",70791509
202009,1212,"Locust beans, seaweeds and other algae, sugar beet and sugar cane, fresh, chilled, frozen or dried, whether or not ground; fruit stones and kernels and other vegetable products (including unroasted chicory roots of the variety Cichorium intybus sativum) of a kind used primarily for human consumption, not elsewhere specified or included.",36234946
202009,1213,"Cereal straw and husks, unprepared, whether or not chopped,ground, pressed or in the form of pellets.",190302
202009,1214,"wedes, mangolds, fodder roots, hay, lucerne (alfalfa), clover, sainfoin, forage kale, lupines, vetches and similar forage products, whether or not in the form of pellets.",37513
202009,1301,"Lac; natural gums, resins, gumresins and oleoresins (for example, balsams).",337157
202009,1302,"Vegetable saps and extracts; pectic substances, pectinates and pectates; agaragar and other mucilages and thickeners, whether or not modified, derived from vegetable products.",122836959
202009,1401,"Vegetable materials of a kind used primarily for plaiting (for example, bamboos, rattans, reeds, rushes, osier, raffia, cleaned, bleached or dyed cereal straw, and lime bark).",6905707
202009,1404,Vegetable products not elsewhere specified or included.,4583869
202009,1501,"Pig fat (including lard) and poultry fat, other than that of heading 02.09 or 15.03",11657
202009,1504,"ats and oils and their fractions, of fish or marine mammals, whether or not refined, but not chemically modified.",11398739
202009,1505,Wool grease and fatty substances derived therefrom (including lanolin).,3733008
202009,1506,"Other animal fats and oils and their fractions, whether or not refined, but not chemically modified.",122504
202009,1507,"oyabean oil and its fractions, whether or not refined, but not chemically modified.",5187202
202009,1508,"Groundnut oil and its fractions, whether or not refined, but not chemically modified.",2016549
202009,1509,"Olive oil and its fractions, whether or not refined, but not chemically modified.",77594
202009,1511,"Palm oil and its fractions, whether or not refined, but not chemically modified.",1636403
202009,1512,"unflowerseed, safflower or cottonseed oil and fractions thereof, whether or not refined, but not chemically modified.",831212
202009,1513,"Coconut (copra), palm kernel or babassu oil and fractions thereof, whether or not refined, but not chemically modified.",1370
202009,1514,"Rape, colza or mustard oil and fractions thereof, whether or not refined, but not chemically modified.",255648
202009,1515,"Other fixed vegetable fats and oils (including jojoba oil) and their fractions, whether or not refined, but not chemically modified.",10496933
202009,1516,"Animal or vegetable fats and oils and their fractions, partly or wholly hydrogenated, interesterified, reesterified or elaidinised, whether or not refined, but not further prepared.",17592001
202009,1517,"Margarine; edible mixtures or preparations of animal or vegetable fats or oils or of fractions of different fats or oils of this Chapter, other than edible fats or oils or their fractions of heading 15.16.",3227857
202009,1518,"Animal or vegetable fats and oils and their fractions, boiled, oxidised,dehydrated, sulphurised, blown, polymerised by heat in vacuum or in inert gas or otherwise chemically modified, excluding those of heading 15.16; inedible mixtures or preparations of animal or vegetable fats or oils or of fractions of different fats or oils of this Chapter, not elsewhere specified or included.",67585542
202009,1521,"egetable waxes (other than triglycerides), beeswax, other insect waxes and spermaceti, whether or not refined or coloured.",3763359
202009,1522,Degras; residues resulting from the treatment of fatty substances or animal or vegetable waxes.,28189
202009,1601,"Sausages and similar products, of meat, meat offal or blood; food preparations based on these products.",7577392
202009,1602,"Other prepared or preserved meat, meat offal or blood.",126868782
202009,1603,"Extracts and juices of meat, fish or crustaceans, molluscs or other aquatic invertebrates.",2128703
202009,1604,Prepared or preserved fish; caviar and caviar substitutes prepared from fish eggs.,384552265
202009,1605,"rustaceans, molluscs and other aquatic invertebrates, prepared or preserved.",346070613
202009,1701,"Cane or beet sugar and chemically pure sucrose, in solid form.",3502025
202009,1702,"Other sugars, including chemically pure lactose, maltose, glucose and fructose, in solid form; sugar syrups not containing added flavouring or colouring matter; artificial honey, whether or not mixed with natural honey; caramel.",59242649
202009,1703,olasses resulting from the extraction or refining of sugar.,6534
202009,1704,"ugar confectionery (including white chocolate), not containing cocoa.",83907935
202009,1803,"Cocoa paste, whether or not defatted.",265324
202009,1804,"Cocoa butter, fat and oil.",742860
202009,1805,"Cocoa powder, not containing added sugar or other sweetening matter.",2002283
202009,1806,hocolate and other food preparations containing cocoa.,28788012
202009,1901,"Malt extract; food preparations of flour, groats, meal, starch or malt extract, not containing cocoa or containing less than 40% by weight of cocoa calculated on a totally defatted basis, not elsewhere specified or included; food preparations of goods of headings 04.01 to 04.04,not containing cocoa or containing less than 5% by weight of cocoa calculated on a totally efatted basis, not elsewhere specified or included.",37478098
202009,1902,"Pasta, whether or not cooked or stuffed (with meat or other substances) or otherwise prepared, such as spaghetti, macaroni, noodles, lasagne, gnocchi, ravioli, cannelloni; couscous, whether or not prepared.",85004434
202009,1903,"Tapioca and substitutes therefor prepared from starch, in the form of flakes, grains, pearls, siftings or in similar forms.",1359784
202009,1904,"repared foods obtained by the swelling or roasting of cereals or cereal products (for example, corn flakes); cereals (other than maize (corn)) in grain form or in the form of flakes or other worked grains (except flour, groats and meal), precooked, or otherwise prepared, not elsewhere specified or included.",22239928
202009,1905,"read, pastry, cakes, biscuits and other bakers' wares, whether or not containing cocoa; communion wafers, empty cachets of a kind suitable for pharmaceutical use, sealing wafers, rice paper and similar products.",42826105
202009,2001,"Vegetables, fruit, nuts and other edible parts of plants, prepared or preserved by vinegar or acetic acid.",12667454
202009,2002,Tomatoes prepared or preserved otherwise than by vinegar or acetic acid.,58252225
202009,2003,"Mushrooms and truffles, prepared or preserved otherwise than by vinegar or acetic acid.",75450126
202009,2004,"Other vegetables prepared or preserved otherwise than by vinegar or acetic acid, frozen, other than products of heading 20.06.",32906235
202009,2005,"Other vegetables prepared or preserved otherwise than by vinegar or acetic acid, not frozen, other than products of heading 20.06.",169983384
202009,2006,"Vegetables, fruit, nuts, fruitpeel and other parts of plants, preserved by sugar (drained, glacé or crystallised).",24154178
202009,2007,"Jams, fruit jellies, marmalades, fruit or nut purée and fruit or nut pastes, obtained by cooking, whether or not containing added sugar or other sweetening matter.",6551635
202009,2008,"Fruit, nuts and other edible parts of plants, otherwise prepared or preserved, whether or not containing added sugar or other sweetening matter or spirit, not elsewhere specified or included.",198546388
202009,2009,"ruit juices (including grape must) and vegetable juices, unfermented and not containing added spirit, whether or not containing added sugar or other sweetening matter.",39763682
202009,2101,"Extracts, essences and concentrates, of coffee, tea or maté and preparations with a basis of these products or with a basis of coffee, tea or mate; roasted chicory and other roasted coffee substitutes, and extracts, essences and concentrates thereof",15045805
202009,2102,"Yeasts (active or inactive); other singlecell microorganisms, dead (but not including vaccines of heading 30.02); prepared baking powders.",28638930
202009,2103,"Sauce and preparations therefor; mixed condiments and mixed seasonings; mustard flour and meal, whether or not prepared, and mustard",179750382
202009,2104,Soups and broths and preparations therefor; homogenised composite food preparations.,7985253
202009,2105,"Ice cream and other edible ice, whether or not containing cocoa.",6320532
202009,2106,Food preparations not elsewhere specified or included.,188931921
202009,2201,"Waters, including natural or artificial mineral waters andaerated waters, not containing added sugar or other sweetening matter nor flavoured; ice and snow.",63527409
202009,2202,"Waters, including mineral waters and aerated waters, containing added sugar or other sweetening matter or flavoured, and other nonalcoholic beverages, not including fruit or vegetable juices of heading 20.09.",19395674
202009,2203,Beer made from malt.,23952450
202009,2204,"Wine of fresh grapes, including fortified wines; grape must other than that of heading 20.09.",2017064
202009,2205,Vermouth and other wine of fresh grapes flavoured with plants or aromatic substances.,22620
202009,2206,"Other fermented beverages (for example, cider, perry, mead, saké); mixtures of fermented beverages and mixtures of fermented beverages and nonalcoholic beverages, not elsewhere specified or included.",3054642
202009,2207,"Undenatured ethyl alcohol of an alcoholic strength by volume of 80% vol.or higher; ethyl alcohol and other spirits, denatured, of any strength.",13614440
202009,2208,"Undenatured ethyl alcohol of an alcoholic strength by volume of Undenatured ethyl alcohol of an alcoholic strength by volume of less than 80% vol.; spirits, liqueurs and other spirituous beverages.",30885495
202009,2209,Vinegar and substitutes for vinegar obtained from acetic acid.,1633286
202009,2301,"Flours, meals and pellets, of meat or meat offal, of fish or ofcrustaceans, molluscs or other aquatic invertebrates, unfit for human consumption; greaves.",4560
202009,2302,"Bran, sharps and other residues, whether or not in the form of pellets, derived from the sifting, milling or other working of cereals or of leguminous plants.",455450
202009,2303,"Residues of starch manufacture and similar residues, beetpulp, bagasse and other waste of sugar manufacture, brewing ordistilling dregs and waste, whether or not in the form of pellets.",23097460
202009,2304,"Oilcake and other solid residues, whether or not ground or in the form of pellets, resulting from the extraction of soyabean oil.",23243584
202009,2305,"Oilcake and other soli residues, whether or not ground or in the form of pellets, resulting from the extraction of groundnut oil.",32200
202009,2306,"Oilcake and other solid residues, whether or not ground or in the form of pellets, resulting from the extraction of vegetable fats or oils,other than those of heading 23.04 or 23.05.",3017192
202009,2308,"Vegetable materials and vegetable waste, vegetable residues and byproducts, whether or not in the form of pellets, of a kind used in animal feeding, not elsewhere specified or included.",8794841
202009,2309,Preparations of a kind used in animal feeding.,172104773
202009,2401,Unmanufactured tobacco; tobacco refuse.,29168655
202009,2402,"Cigars, cheroots, cigarillos and cigarettes, of tobacco or of tobacco substitutes.",21769597
202009,2403,Other manufactured tobacco and manufactured tobacco substitutes; “homogenised” or reconstituted” tobacco; tobacco extracts and essences.,3398557
202009,2501,"Salts, incl. table salt and denatured salt, and pure sodium chloride, whether or not in aqueous solution or containing added anti-caking or free-flowing agents; sea water",10461150
202009,2502,Unroasted iron pyrites.,140200
202009,2503,"Sulphur of all kinds (excluding sublimed sulphur, precipitated sulphur and colloidal sulphur)",35298
202009,2504,Natural graphite.,26068217
202009,2505,"Natural sands of all kinds, whether or not coloured, other than metalbearing sands of Chapter 26.",1522662
202009,2506,"Quartz (excluding natural sands); quartzite, whether or not roughly trimmed or merely cut, by sawing or otherwise, into blocks or slabs of a square or rectangular shape",16736659
202009,2507,"Kaolin and other kaolinic clays, whether or not calcined",14621850
202009,2508,"Other clays (not including expanded clays of heading 68.06), andalusite, kyanite and sillimanite, whether or not calcined; mullite; chamotte or dinas earths.",21566411
202009,2509,Chalk.,164836
202009,2510,"Natural calcium phosphates, natural aluminium calcium phosphates and phosphatic chalk.",2193496
202009,2511,"Natural barium sulphate (barytes); natural barium carbonate (witherite), whether or not calcined, other than barium oxide of heading 28.16.",5487467
202009,2512,"Siliceous fossil meals, e.g. kieselguhr, tripolite and diatomite, and similar siliceous earths, whether or not calcined, of an apparent specific gravity of 1 or less.",541619
202009,2513,"Pumice stone; emery; natural corundum, natural garnet and other natural abrasives, whether or not heat-treated",5612080
202009,2514,"Slate, whether or not roughly trimmed or merely cut, by sawing or otherwise, into blocks or slabs of a square or rectangular shape; slate powder and slate refuse",2185533
202009,2515,"Marble, travertine, ecaussine and other calcareous monumental or building stone of an apparent specific gravity of 2.5 or more, and alabaster, whether or not roughly trimmed or merely cut, by sawing or otherwise, into blocks or slabs of a rectangular (including square) shape.",1203557
202009,2516,"Granite, porphyry, basalt, sandstone and other monumental or building stone, whether or not roughly trimmed or merely cut, by sawing or otherwise, into blocks or slabs of a rectangular (including square) shape.",2785647
202009,2517,"Pebbles, gravel, broken or crushed stone, for concrete aggregates, for road metalling or for railway ballast, shingle and flint, whether or not heat-treated; macadam of slag, dross or similar industrial waste, whether or not incorporating the materials cited in the first part of the heading; tarred macadam; granules, chippings and powder, of stones of heading 2515 and 2516, whether or not heat-treated",48352396
202009,2518,"Dolomite, whether or not calcined or sintered, including dolomite roughly trimmed or merely cut, by sawing or otherwise, into blocks or slabs of a rectangular (including square) shape; dolomite ramming mix.",2460170
202009,2519,"Natural magnesium carbonate ""magnesite""; fused magnesia; dead-burned ""sintered"" magnesia, whether or not containing small quantities of other oxides added before sintering; other magnesium oxide, whether or not pure",44839468
202009,2520,"Gypsum; anhydrite; plasters consisting of calcined gypsum or calcium sulphate, whether or not coloured, with or without small quantities of accelerators or retarders",1527019
202009,2521,"Limestone flux; limestone and other calcareous stone, of a kind used for the manufacture of lime or cement",286308
202009,2522,"Quicklime, slaked lime and hydraulic lime (excluding pure calcium oxide and calcium hydroxide)",1203749
202009,2523,"Portland cement, aluminous cement, slagcement, supersulphate cement and similar hydraulic cements, whether or not coloured or in the form of clinkers.",19298669
202009,2524,Asbestos.,1122801
202009,2525,"Mica, including splittings; mica waste.",3451012
202009,2526,"Natural steatite, whether or not roughly trimmed or merely cut, by sawing or otherwise, into blocks or slabs of a rectangular (including square) shape; talc.",9084964
202009,2528,"Natural borates and concentrates thereof (whether or not calcined), but not including borates separated from natural brine; natural boric acid containing not more than 85% of H3BO3 calculated on the dry weight.",134928
202009,2529,"Feldspar; leucite, nepheline and nepheline syenite; fluorspar.",6206568
202009,2530,Mineral substances not elsewhere specified or included.,12388386
202009,2601,"Iron ores and concentrates, including roasted iron pyrites.",110777574
202009,2602,"Manganese ores and concentrates, including ferruginous manganese ores and concentrates with a manganese content of 20% or more,calculated on the dry weight.",468421
202009,2603,Copper ores and concentrates.,2202
202009,2606,Aluminium ores and concentrates.,312803
202009,2610,Chromium ores and concentrates.,103369
202009,2613,Molybdenum ores and concentrates.,3907266
202009,2614,Titanium ores and concentrates.,3057917
202009,2615,"Niobium, tantalum, vanadium or zirconium ores and concentrates.",518086
202009,2617,Other ores and concentrates.,324
202009,2618,Granulated slag (slag sand) from the manufacture of iron or steel.,1116897
202009,2619,"Slag, dross (other than granulated slag), scalings and other waste from the manufacture of iron or steel.",342410
202009,2620,"Slag, ash and residues (other than from the manufacture of iron or steel) containing metals, arsenic or their compounds.",341129
202009,2621,"Other slag and ash, including seaweed ash (kelp); ash and residues from the incineration of municipal waste.",19304414
202009,2701,Mituminous substances; mineral waxes,43808492
202009,2702,"ignite, whether or not agglomerated, excluding jet.",36015
202009,2704,"Coke and semicoke of coal, of lignite or of peat, whether or not agglomerated; retort carbon.",66240106
202009,2706,"Tar distilled from coal, from lignite or from peat, and other mineral tars, whether or not dehydrated or partially distilled, including reconstituted tars.",29070
202009,2707,Oils and other products of the distillation of high temperature coal tar; similar products in which the weight of the aromatic constituents exceeds that of the non-aromatic constituents,1149424
202009,2708,"Pitch and pitch coke, obtained from coal tar or from other mineral tars",24383728
202009,2709,"Petroleum oils and oils obtained from bituminous minerals, crude.",82412013
202009,2710,"Petroleum oils and oils obtained from bituminous minerals, other than crude; preparations not elsewhere specified or included, containing by weight 70% or more of petroleum oils or of oils obtained from bituminous minerals, these oils being the basic constituents of the preparations; waste oils.",1431858842
202009,2711,Petroleum gases and other gaseous hydrocarbons.,194230393
202009,2712,"Petroleum jelly, paraffin wax, micro- crystalline petroleum wax, slack wax, ozokerite, lignite wax, peat wax, other mineral waxes, and similar products obtained by synthesis or by other processes, whether or not coloured",49087109
202009,2713,"Petroleum coke, petroleum bitumen and other residues of petroleum oils or of oils obtained from bituminous minerals.",41807240
202009,2714,"Bitumen and asphalt, natural; bituminous or oil-shale and tar sands; asphaltites and asphaltic rocks",131902
202009,2715,"Bituminous mastics, cut-backs and other bituminous mixtures based on natural asphalt, on natural bitumen, on petroleum bitumen, on mineral tar or on mineral tar pitch(for example, bituminous mastics, cutbacks).",184590
202009,2716,Electrical energy. (optional heading),137175255
202009,2801,"Fluorine, chlorine, bromine and iodine",70623
202009,2802,"Sulphur, sublimed or precipitated; colloidal sulphur.",13447
202009,2803,Carbon (carbon blacks and other forms of carbon not elsewhere specified or included).,53561372
202009,2804,"ydrogen, rare gases and other nonmetals.",138271857
202009,2805,"Alkali or alkaline-earth metals; rare-earth metals, scandium and yttrium, whether or not intermixed or interalloyed; mercury",14857172
202009,2806,"Hydrogen chloride ""hydrochloric acid""; chlorosulphuric acid",460390
202009,2807,Sulphuric acid; oleum.,369616
202009,2808,Nitric acid; sulphonitric acids.,751305
202009,2809,"Diphosphorus pentaoxide; phosphoric acid; polyphosphoric acids, whether or not chemically defined",35205466
202009,2810,Oxides of boron; boric acids.,438472
202009,2811,Other inorganic acids and other inorganic oxygen compounds of nonmetals.,82165088
202009,2812,Halides and halide oxides of nonmetals.,11980985
202009,2813,Sulphides of non-metals; commercial phosphorus trisulphide,1212388
202009,2814,"Ammonia, anhydrous or in aqueous solution.",375442
202009,2815,"Sodium hydroxide (caustic soda), potassium hydroxide (caustic potash); peroxides of sodium or potassium",22137583
202009,2816,"Oydroxide and peroxide of magnesium; oxides, hydroxides and peroxides, of strontium or barium.",2710227
202009,2817,Zinc oxide; zinc peroxide.,5080062
202009,2818,"Artificial corundum, whether or not chemically defined;aluminium oxide; aluminium hydroxide.",62405191
202009,2819,Chromium oxides and hydroxides,2329933
202009,2820,Manganese oxides.,7056310
202009,2821,Iron oxides and hydroxides; earth colours containing 70% or more by weight of combined iron evaluated as Fe2O3.,23095049
202009,2822,Cobalt oxides and hydroxides; commercial cobalt oxides.,15273316
202009,2823,Titanium oxides.,14404648
202009,2824,Lead oxides; red lead and orange lead.,240359
202009,2825,"Hydrazine and hydroxylamine and their inorganic salts; other inorganic bases; other metal oxides, hydroxides and peroxides.",97173391
202009,2826,"Hluorides; fluorosilicates, fluoroaluminates and other complex fluorine salts.",28060047
202009,2827,"Chlorides, chloride oxides and chloride hydroxides; bromides and bromide oxides; iodides and iodide oxides",45641698
202009,2828,Hypochlorites; commercial calcium hypochlorite; chlorites; hypobromites,14410107
202009,2829,Chlorates and perchlorates; bromates and perbromates; iodates and periodates,2437143
202009,2830,"Sulphides; polysulphides, whether or not chemically defined",7537226
202009,2831,Dithionites and sulfoxylates,4776221
202009,2832,Sulphites; thiosulphates,12276810
202009,2833,Sulphates; alums; peroxosulphates (persulphates),80245993
202009,2834,Nitrites; nitrates.,14473580
202009,2835,"Phosphinates (hypophosphites), phosphonates (phosphites) and phosphates; polyphosphates, whether or not chemically defined.",79594261
202009,2836,"Carbonates; peroxocarbonates ""percarbonates""; commercial ammonium carbonate containing ammonium carbamate",66419592
202009,2837,"Cyanides, cyanide oxides and complex cyanides.",23207867
202009,2839,Silicates; commercial alkali metal silicates.,9978701
202009,2840,Borates; peroxoborates (perborates).,1631682
202009,2841,Salts of oxometallic or peroxometallic acids.,38055028
202009,2842,"Salts of inorganic acids or peroxoacids, incl. aluminosilicates whether or not chemically defined (excluding of oxometallic or peroxometallic acids and azides, and inorganic or organic compounds of mercury)",50461193
202009,2843,"Colloidal precious metals; inorganic or organic compounds of precious metals, whether or not chemically defined; amalgams of precious metals.",6628481
202009,2844,"Radioactive chemical elements and radioactive isotopes, incl. their fissile or fertile chemical elements and isotopes, and their compounds; mixtures and residues containing these products",332804
202009,2845,"Non-radioactive isotopes; inorganic or organic compounds of such isotopes, whether or not chemically defined",1228211
202009,2846,"Compounds, inorganic or organic, of rareearth metals, of yttrium or of scandium or of mixtures of these metals.",13583813
202009,2847,"Hydrogen peroxide, whether or not solidified with urea.",709565
202009,2849,"Carbides, whether or not chemically defined",32272791
202009,2850,"Hydrides, nitrides, azides, silicides and borides, whether or not chemically defined, other than compounds which are also carbides of heading 28.49.",9429198
202009,2852,"Compounds, inorganic or organic, of mercury, whether or not chemically defined (excluding amalgams)",2500
202009,2853,"Inorganic compounds, incl. distilled or conductivity water and water of similar purity, n.e.s.; liquid air, whether or not rare gases have been removed; compressed air; amalgams (excluding amalgams of precious metals)",108127071
202009,2901,Acyclic hydrocarbons.,8053590
202009,2902,Cyclic hydrocarbons.,18374674
202009,2903,Halogenated derivatives of hydrocarbons,128118905
202009,2904,"Sulphonated, nitrated or nitrosated derivatives of hydrocarbons,whether or not halogenated.",16322296
202009,2905,"Acyclic alcohols and their halogenated, sulphonated, nitrated or nitrosated derivatives.",101350388
202009,2906,"Cyclic alcohols and their halogenated, sulphonated, nitrated or nitrosated derivatives.",44466784
202009,2907,henols; phenolalcohols.,29674170
202009,2908,"Halogenated, sulphonated, nitrated or nitrosated derivatives of phenols or phenolalcohols.",10352011
202009,2909,"Others, etheralcohols, etherphenols, etheralcoholphenols, alcohol peroxides, ether peroxides, ketone peroxides (whether or not chemically defined), and their halogenated, sulphonated, nitrated or nitrosated derivatives.",73624043
202009,2910,"Epoxides, epoxyalcohols, epoxyphenols and epoxyethers, with a threemembered ring, and their halogenated, sulphonated, nitrated or nitrosated derivatives.",7876176
202009,2911,"Acetals and hemiacetals, whether or not with other oxygen function, and their halogenated, sulphonated, nitrated or nitrosated derivatives.",750159
202009,2912,"Aldehydes, whether or not with other oxygen function; cyclic polymers of aldehydes; paraformaldehyde.",36241771
202009,2913,"Halogenated, sulphonated, nitrated or nitrosated derivatives of products of heading 29.12.",3810837
202009,2914,"Ketones and quinones, whether or not with other oxygen function, and their halogenated, sulphonated, nitrated or nitrosated derivatives.",103278797
202009,2915,"Saturated acyclic monocarboxylic acids and their anhydrides, halides, peroxides and peroxyacids; their halogenated, sulphonated, nitrated or nitrosated derivatives.",105371022
202009,2916,"Unsaturated acyclic monocarboxylic acids, cyclic monocarboxylic acids, their anhydrides, halides, peroxides and peroxyacids; their halogenated, sulphonated, nitrated or nitrosated derivatives.",104010485
202009,2917,"Polycarboxylic acids, their anhydrides, halides, peroxides and peroxyacids; their halogenated, sulphonated, nitrated or nitrosated derivatives.",109533552
202009,2918,"arboxylic acids with additional oxygen function and their anhydrides, halides, peroxides and peroxyacids; their halogenated, sulphonated, nitrated or nitrosated derivatives.",183250313
202009,2919,"Phosphoric esters and their salts, including lactophosphates; their halogenated, sulphonated, nitrated or nitrosated derivatives.",38447728
202009,2920,"Esters of other inorganic acids of nonmetals (excluding esters of hydrogen halides) and their salts; their halogenated, sulphonated, nitrated or nitrosated derivatives.",31487664
202009,2921,Amine-function compounds.,133716652
202009,2922,Oxygenfunction aminocompounds.,318507677
202009,2923,"uaternary ammonium salts and hydroxides; lecithins and other phosphoaminolipids, whether or not chemically defined.",29029487
202009,2924,arboxyamidefunction compounds; amidefunction compounds of carbonic acid.,150354341
202009,2925,arboxyimidefunction compounds (including saccharin and its salts) and iminefunction compounds.,27408224
202009,2926,Nitrilefunction compounds.,92217390
202009,2927,"Diazo, azo or azoxycompounds.",15706374
202009,2928,Organic derivatives of hydrazine or of hydroxylamine.,15594720
202009,2929,Compounds with other nitrogen function.,100306386
202009,2930,Organo-sulphur compounds.,154383226
202009,2931,ther organoinorganic compounds.,154407114
202009,2932,Heterocyclic compounds with oxygen heteroatom(s) only.,192544479
202009,2933,Heterocyclic compounds with nitrogen heteroatom(s) only.,808224686
202009,2934,"ucleic acids and their salts, whether or not chemically defined; other heterocyclic compounds.",303277908
202009,2935,Sulphonamides.,57737828
202009,2936,"rovitamins and vitamins, natural or reproduced by synthesis (including natural concentrates), derivatives thereof used primarily as vitamins, and intermixtures of the foregoing, whether or not in any solvent.",194070287
202009,2937,"ormones, prostaglandins, thromboxanes and leukotrienes, natural or reproduced by synthesis; derivatives and structural analogues thereof, including chain modified polypeptides, used primarily as hormones.",69301174
202009,2938,"Glycosides, natural or reproduced by synthesis, and their salts, ethers, esters and other derivatives.",69967817
202009,2939,"Alkaloids, natural or reproduced by synthesis, and their salts, ethers, esters and other derivatives.",15704090
202009,2940,"Sugars, chemically pure, other than sucrose, lactose, maltose, glucose and fructose; sugar ethers, sugar acetals and sugar esters, and their salts, other than products of heading 29.37, 29.38 or 29.39.",10073423
202009,2941,Antibiotics,281780032
202009,2942,Other organic compounds.,747958
202009,3001,"Glands and other organs for organotherapeutic uses, dried, whether or not powdered; extracts of glands or other organs or of their secretions for organotherapeutic uses; heparin and its salts; other human or animal substances prepared for therapeutic or prophylactic uses, not elsewhere specified or included.",134746773
202009,3002,"Human blood; animal blood prepared for therapeutic, prophylactic or diagnostic uses; antisera and other blood fractions and immunological products, whether or not modified or obtained by means of biotechnological processes; vaccines, toxins, cultures of micro-organisms (excluding yeasts) and similar products",127343031
202009,3003,"Medicaments (excluding goods of heading 30.02, 30.05 or 30.06) consisting of two or more constituents which have been mixed together for therapeuti or prophylactic uses, not pu up in measured doses or in forms or packings for retail sale.",70194095
202009,3004,"Medicaments consisting of mixed or unmixed products for therapeutic or prophylactic uses, put up in measured doses ""incl. those in the form of transdermal administration"" or in forms or packings for retail sale (excluding goods of heading 3002, 3005 or 3006)",319942665
202009,3005,"adding, gauze, bandages and similar articles (for example, dressings, adhesive plasters, poultices), impregnated or coated with pharmaceutical substances or put up in forms or packings for retail sale for medical, surgical, dental or veterinary purposes.",142237656
202009,3006,Pharmaceutical goods specified in Note 4 to this Chapter.,97946093
202009,3101,"Animal or vegetable fertilisers, whether or not mixed together or chemically treated; fertilisers produced by the mixing or chemical treatment of animal or vegetable products",860068
202009,3102,"Mineral or chemical fertilisers, nitrogenous.",317002814
202009,3103,"Mineral or chemical fertilisers, phosphatic.",15378988
202009,3104,"Mineral or chemical fertilisers, potassic.",19579963
202009,3105,"Mineral or chemical fertilisers containing two or three of the fertilising elements nitrogen, phosphorus and potassium; other fertilisers; goods of this Chapter in tablets or similar forms or in packages of a gross weight not exceeding 10 kg.",301523860
202009,3201,"Tanning extracts of vegetable origin; tannins and their salts,",15121
202009,3202,"Synthetic organic tanning substances; inorganic tanning substances; tanning preparations, whether or not containing natural tanning substances; enzymatic preparations for pre-tanning",1724546
202009,3203,"Colouring matter of vegetable or animal origin (including dyeinextracts but excluding animal black), whether or not chemicalldefined; preparations as specified in Note 3 to this Chapter baseon colouring matter of vegetable or animal origin.",19572147
202009,3204,"Synthetic organic colouring matter, whether or not chemically defined; preparations based on synthetic organic colouring matter of a kind used to dye fabrics or produce colorant preparations; synthetic organic products of a kind used as fluorescent brightening agents or as luminophores, whether or not chemically defined (excluding preparations of heading 3207, 3208, 3209, 3210, 3213 and 3215)",178343068
202009,3205,Colour lakes; preparations as specified in Note 3 to this Chapter based on colour lakes.,125172
202009,3206,"Other colouring matter; preparations as specified in Note 3 to this Chapter, other than those of heading 32.03, 32.04 or 32.05; inorganic products of a kind used as luminophores, whether or not chemically defined.",251317338
202009,3207,"Prepared pigments, prepared opacifiers and prepared colours, vitrifiable enamels and glazes, engobes (slips), liquid lustres and similar preparations, of a kind used in the ceramic, enamelling or glass industry; glass frit and other glass, in the form of powder, granules or flakes.",34582012
202009,3208,"Paints and varnishes, incl. enamels and lacquers, based on synthetic polymers or chemically modified natural polymers, dispersed or dissolved in a non-aqueous medium; solutions of products of headings 3901 to 3913 in volatile organic solvents, containing > 50% solvent by weight (excluding solutions of collodion)",39697314
202009,3209,"Paints and varnishes (including enamels and lacquers) based on synthetic polymers or chemically modified natural polymers, dispersed or dissolved in an aqueous medium.",9413207
202009,3210,"Other paints and varnishes (including enamels, lacquers and distempers); prepared water pigments of a kind used for finishing leather.",2066296
202009,3211,Prepared driers.,1098770
202009,3212,"Pigments (including metallic powders and flakes) dispersed in nonaqueous media, in liquid or paste form, of a kind used in the manufacture of paints (including enamels); stamping foils; dyes and other colouring matter put up in forms or packings for retail sale.",5566160
202009,3213,"Artists', students' or signboard painters' colours, modifying tints, amusement colours and the like, in tablets, tubes, jars, bottles, pans or in similar forms or packings.",48679363
202009,3214,"Glaziers' putty, grafting putty, resin cements, caulking compounds and other mastics; painters' fillings; non-refractory surfacing preparations for fa?ades, indoor walls, floors, ceilings or the like",28622473
202009,3215,"Printing ink, writing or drawing ink and other inks, whether or not concentrated or solid.",28903477
202009,3301,"Essential oils, whether or not terpeneless, incl. concretes and absolutes; resinoids; extracted oleoresins; concentrates of essential oils in fats, fixed oils, waxes or the like, obtained by enfleurage or maceration; terpenic by-products of the deterpenation of essential oils; aqueous distillates and aqueous solutions of essential oils",21111971
202009,3302,"Mixtures of odoriferous substances and mixtures, incl. alcoholic solutions, based on one or more of these substances, of a kind used as raw materials in industry; other preparations based on odoriferous substances, of a kind used for the manufacture of beverages",32240399
202009,3303,Perfumes and toilet waters.,16104300
202009,3304,"Beauty or makeup preparations and preparations for the care of the skin (other thanmedicaments), including sunscreen or sun tan preparations; manicure or pedicure preparations.",228743931
202009,3305,Preparations for use on the hair.,27928748
202009,3306,"Preparations for oral or dental hygiene, including denture fixative pastes and powders; yarn used to clean between the teeth (dental floss), in individual retail packages.",50223718
202009,3307,"Shaving preparations, incl. pre-shave and aftershave products, personal deodorants, bath and shower preparations, depilatories and other perfumery, toilet or cosmetic preparations, n.e.s.; prepared room deodorisers, whether or not perfumed or having disinfectant properties",142001277
202009,3401,"Soap; organic surface-active products and preparations for use as soap, in the form of bars, cakes, moulded pieces or shapes, whether or not containing soap; organic surface-active products and preparations for washing the skin, in the form of liquid or cream and put up for retail sale, whether or not containing soap; paper, wadding, felt and nonwovens, impregnated, coated or covered with soap or detergent",147377581
202009,3402,"Organic surfaceactive agents (other than soap); surfaceactive preparations, washing preparations (including auxiliary washing preparations) and cleaning preparations, whether or not containing soap,other than those of heading 34.01.",208721043
202009,3403,"Lubricant preparations, incl. cutting-oil preparations, bolt or nut release preparations, anti-rust or anti-corrosion preparations and mould-release preparations based on lubricants; textile lubricant preparations and preparations of a kind used for the oil or grease treatment of textile materials, leather, furskins or other materials (excluding preparations containing, as basic constituents, ≥ 70% petroleum oil or bituminous mineral oil by weight)",17091834
202009,3404,Artificial waxes and prepared waxes.,9967339
202009,3405,"Polishes and creams, for footwear, furniture, floors, coachwork, glass or metal, scouring pastes and powders and similar preparations (whether or not in the form of paper, wadding, felt, nonwovens, cellular plastics or cellular rubber, impregnated, coated or covered with such preparations), excluding waxes of heading 34.04.",11479791
202009,3406,"Candles, tapers and the like.",66755852
202009,3407,"Modelling pastes, including those put up for children's amusement; preparations known as “dental wax”or as “dental impression compounds”, put up in sets, in packings for retail sale or in plates, horseshoe shapes, sticks or similar forms; other preparations for use in dentistry, with a basis of plaster (of calcined gypsum or calcium sulphate).",27079832
202009,3501,"Casein, caseinates and other casein derivatives; casein glues.",911022
202009,3502,"Albumins (including concentrates of two or more whey proteins, containing by weight more than 80% whey proteins, calculated on the dry matter), albuminates and other albumin derivatives.",579498
202009,3503,"Gelatin (including gelatin in rectangular (including square) sheets, whether or not surfaceworked or coloured) and gelatin derivatives; isinglass; other glues of animal origin, excluding casein glues of heading 35.01.",16689660
202009,3504,"Peptones and their derivatives; other protein substances and their derivatives, not elsewhere specified or included; hide powder, whether or not chromed.",45849681
202009,3505,"Dextrins and other modified starches (for example, pregelatinised or esterified starches); glues based on starches, or on dextrins or other modified starches.",13314036
202009,3506,"Prepared glues and other prepared adhesives, not elsewhere specified or included; products suitable for use as glues or adhesives, put up for retail sale as glues or adhesives, not exceeding a net weight of 1 kg.",192413124
202009,3507,nzymes; prepared enzymes not elsewhere specified or included.,38127547
202009,3601,Propellent powders.,1115123
202009,3602,"Prepared explosives, other than propellent powders.",1981532
202009,3603,Safety fuses; detonating fuses; percussion or detonating caps; igniters; electric detonators.,2151990
202009,3604,"Fireworks, signalling flares, rain rockets, fog signals and other pyrotechnic articles.",31667740
202009,3605,"Matches, other than pyrotechnic articles of heading 36.04.",425657
202009,3606,Ferrocerium and other pyrophoric alloys in all forms; articles of combustible materials as specified in Note 2 to this Chapter.,1760628
202009,3701,"Photographic plates and film in the flat, sensitised, unexposed, of any material other than paper, paperboard or textiles; instant print film in the flat, sensitised, unexposed, whether or not in packs.",43007382
202009,3702,"Photographic film in rolls, sensitised, unexposed, of any material other than paper, paperboard or textiles; instant print film in rolls, sensitised, unexposed.",11766063
202009,3703,"photographic paper, paperboard and textiles, sensitised,unexposed.",3279559
202009,3704,"Photographic plates, film, paper, paperboard and textiles, exposed but not developed.",10
202009,3705,"Photographic plates and film, exposed and developed, other than cinematographic film.",58476
202009,3707,"Chemical preparations for photographic uses (other than varnishes, glues, adhesives and similar preparations); unmixed products for photographic uses, put up in measured portions or put up for retail sale in a form ready for use.",18947511
202009,3801,"Artificial graphite; colloidal or semicolloidal graphite; preparations based on graphite or other carbon in the form of pastes, blocks, plates or other semimanufactures.",85261914
202009,3802,"ctivated carbon; activated natural mineral products; animal black, including spent animal black.",40393304
202009,3804,"Residual lyes from the manufacture of wood pulp, whether or not concentrated, desugared or chemically treated, including lignin sulphonates, but excluding tall oil of heading 38.03.",2180028
202009,3805,"Gum, wood or sulphate turpentine and other terpenic oils produced by the distillation or other treatment of coniferous woods; crude dipentene; sulphite turpentine and other crude para-cymene; pine oil containing alpha-terpineol as the main constituent",851500
202009,3806,"Rosin and resin acids, and derivatives thereof; rosin spirit and rosin oils; run gums.",13259871
202009,3807,"Wood tar; wood tar oils; wood creosote; wood naphtha; vegetable pitch; brewers' pitch and similar preparations based on rosin, resin acids or on vegetable pitch.",552575
202009,3808,"Insecticides, rodenticides, fungicides, herbicides, antisprouting products and plantgrowth regulators, disinfectants and similar products, put up in forms or packings for retail sale or as preparations or articles (for example, sulphurtreated bands, wicks and candles, and flypapers).",556201323
202009,3809,"Finishing agents, dye carriers to accelerate the dyeing or fixing of dyestuffs and other products and preparations (for example, dressings and mordants), of a kind used in the textile, paper, leather or like industries, not elsewhere specified or included.",15834634
202009,3810,"Pickling preparations for metal surfaces; fluxes and other auxiliary preparations for soldering, brazing or welding; soldering, brazing or welding powders and pastes consisting of metal and other materials; preparations of a kind used as cores or coatings for welding electrodes or rods.",11280697
202009,3811,"ntiknock preparations, oxidation inhibitors, gum inhibitors, viscosity improvers, anticorrosive preparations and other prepared additives, for mineral oils (including gasoline) or for other liquids used for the same purposes as mineral oils.",25423992
202009,3812,"Prepared rubber accelerators; compound plasticisers for rubber or plastics, not elsewhere specified or included; antioxidising preparations and other compound stabilisers for rubber or plastics.",69706897
202009,3813,Preparations and charges for fireextinguishers; charged fireextinguishing grenades.,2656784
202009,3814,"Organic composite solvents and thinners, not elsewhere specified or included; prepared paint or varnish removers.",2531022
202009,3815,"Reaction initiators, reaction accelerators and catalytic preparations, not elsewhere specified or included.",56996435
202009,3816,"Refractory cements, mortars, concretes and similar compositions, other than products of heading 38.01.",28479299
202009,3817,"Mixed alkylbenzenes and mixed alkylnaphthalenes, other than those of heading 27.07 or 29.02.",14299333
202009,3818,"Chemical elements doped for use in electronics, in the form of discs, wafers or similar forms; chemical compounds doped for use in electronics. form of",224821436
202009,3819,"Hydraulic brake fluids and other prepared liquids for hydraulic transmission, not containing or containing less than 70% by weight of petroleum oils or oils obtained from bituminous minerals.",1115741
202009,3820,Antifreezing preparations and prepared deicing fluids.,1266287
202009,3821,"Prepared culture media for the development or maintenance of microorganisms (including viruses and the like) or of plant, human or animal cells.",20515256
202009,3822,"Diagnostic or laboratory reagents on a backing, prepared diagnostic or laboratory reagents whether or not on a backing, other than those of heading 30.02 or 30.06; certified reference materials.",169284190
202009,3823,Industrial monocarboxylic fatty acids; acid oils from refining;industrial fatty alcohols.,2744903
202009,3824,"Prepared binders for foundry moulds or cores; chemical products and preparations for the chemical or allied industries, incl. mixtures of natural products, n.e.s.",395019700
202009,3825,"Residual products of the chemical or allied industries, not elsewhere specified or included; municipal waste; sewage sludge; other wastes specified in Note 6 to this Chapter.",1314025
202009,3826,"Biodiesel and mixtures thereof, not containing or containing less than 70% by weight of petroleum oils or oils obtained from bituminous minerals.",123185378
202009,3901,"Polymers of ethylene, in primary forms.",100526132
202009,3902,"Polymers of propylene or of other olefins, in primary forms.",47514279
202009,3903,"Polymers of styrene, in primary forms.",37115618
202009,3904,"Polymers of vinyl chloride or of other halogenated olefins, in primary forms.",104208195
202009,3905,"Polymers of vinyl acetate or of other vinyl esters, in primary forms; other vinyl polymers in primary forms.",25058110
202009,3906,crylic polymers in primary forms.,84806061
202009,3907,"Polyacetals, other polyethers and epoxide resins, in primary forms; polycarbonates, alkyd resins, polyallyl esters and other polyesters, in primary forms.",391267309
202009,3908,Polyamides in primary forms.,77386281
202009,3909,"minoresins, phenolic resins and polyurethanes, in primary forms.",139992686
202009,3910,Silicones in primary forms.,55772868
202009,3911,"etroleum resins, coumaroneindene resins, polyterpenes, polysulphides, polysulphones and other products specified in Note 3 to this Chapter, not elsewhere specified or included, in primary forms.",52914589
202009,3912,"Cellulose and its chemical derivatives, not elsewhere specified or included, in primary forms.",49951091
202009,3913,"Natural polymers (for example, alginic acid) and modified natural polymers (for example, hardened proteins, chemical derivatives of natural rubber), not elsewhere specified or included, in primary forms.",26112924
202009,3914,"Ionexchangers based on polymers of headings 39.01 to 39.13, in primary forms.",23476402
202009,3915,"Waste, parings and scrap, of plastics.",13924990
202009,3916,"Monofilament of which any crosssectional dimension exceeds 1 mm, rods, sticks and profile shapes, whether or not surfac worked but not otherwise worked, of plastics.",59576953
202009,3917,"Tubes, pipes and hoses, and fittings therefor (for example, joints,elbows, flanges), of plastics.",259281172
202009,3918,"Floor coverings of plastics, whether or not selfadhesive, in rolls or in the form of tiles; wall or ceiling coverings of plastics, as defined in Note 9 to this Chapter.",623398007
202009,3919,"Selfadhesive plates, sheets, film, foil, tape, strip and other flat shapes, of plastics, whether or not in rolls.",368640045
202009,3920,"Other plates, sheets, film, foil and strip, of plastics, noncellular and not reinforced, laminated, supported or similarly combined with other materials.",662975964
202009,3921,"Other plates, sheets, film, foil and strip, of plastics.",267938592
202009,3922,"Baths, showerbaths, sinks, washbasins, bidets, lavatory pans, seats and covers, flushing cisterns and similar sanitary ware, of plastics.",114523134
202009,3923,"Articles for the conveyance or packing of goods, of plastics; stoppers, lids, caps and other closures, of plastics.",1044010977
202009,3924,"Tableware, kitchenware, other household articles and hygienic or toilet articles, of plastics.",1090936889
202009,3925,"Builders' ware of plastics, not elsewhere specified or included.",199456233
202009,3926,Other articles of plastics and articles of other materials of headings 39.01 to 39.14.,2773066512
202009,4001,"Natural rubber, balata, guttapercha, guayule, chicle and similar natural gums, in primary forms or in plates, sheets or strip.",2353716
202009,4002,"Synthetic rubber and factice derived from oils, in primary forms or in plates, sheets or strip; mixtures of any product of heading 40.01 with any product of this heading, in primary forms or in plates, sheets or strip.",61675498
202009,4003,"Reclaimed rubber in primary forms or in plates, sheets or strip.",7688969
202009,4004,"Waste, parings and scrap of rubber (other than hard rubber)and powders and granules obtained therefrom.",5666086
202009,4005,"ompounded rubber, unvulcanised, in primary forms or in plates, sheets or strip.",5525668
202009,4006,"Other forms (for example, rods, tubes and profile shapes) and articles (for example, discs and rings), of unvulcanised rubber.",1108390
202009,4007,Vulcanised rubber thread and cord.,8367446
202009,4008,"lates, sheets, strip, rods and profile shapes, of vulcanised rubber other than hard rubber.",34598030
202009,4009,"Tubes, pipes and hoses, of vulcanised rubber other than hard rubber, with or without their fittings (for example, joints, elbows, flanges).",79490457
202009,4010,"Conveyor or transmission belts or belting, of vulcanised rubber.",71541587
202009,4011,"New pneumatic tyres, of rubber.",1348330560
202009,4012,"Retreaded or used pneumatic tyres of rubber; solid or cushion tyres, tyre treads and tyre flaps, of rubber.",14010981
202009,4013,"Inner tubes, of rubber.",52144424
202009,4014,"Hygienic or pharmaceutical articles (including teats), of vulcanised rubber other than hard rubber, with or without fittings of hard rubber.",12135834
202009,4015,"Articles of apparel and clothing accessories (including gloves, mittens and mitts), for all purposes, of vulcanised rubber other than hard rubber.",284898141
202009,4016,Other articles of vulcanised rubber other than hard rubber.,231840182
202009,4017,"Hard rubber (for example, ebonite) in all forms, including waste and scrap; articles of hard rubber.",3674854
202009,4101,"Raw hides and skins of bovine (including buffalo) or equine animals (fresh, or salted, dried, limed, pickled or otherwise preserved, but not tanned, parchmentdressed or further prepared), whether or not dehaired or split.",904685
202009,4102,"Raw skins of sheep or lambs (fresh, or salted, dried, limed, pickled or otherwise preserved, but not tanned, parchment dressed or further prepared), whether or not with wool on or split, other than those excluded by Note 1 (c) to this Chapter.",275364
202009,4104,"Tanned or crust hides and skins of bovine (including buffalo) or equine animals, without hair on, whether or not split, but not further prepared.",1685676
202009,4105,"Tanned or crust skins of sheep or lambs, without wool on, whether or not split, but not further prepared.",1449777
202009,4106,"Tanned or crust hides and skins of other animals, without wool whether or not split, but not further prepared.",159619
202009,4107,"Leather further prepared after tanning or crusting, including parchmentdressed leather, of bovine (including buffalo) or equine animals, without hair on, whether or not split, other than leather of heading 41.14.",49899328
202009,4112,"Leather further prepared after tanning or crusting, including parchmentdressed leather, of sheep or lamb, without wool on, whether or not split, other than leather of heading 41.14.",1349198
202009,4113,"Leather further prepared after tanning or crusting, including parchmentdressed leather, of other animals, without wool or hair on, whether or not split, other than leather of heading 41.14.",3286813
202009,4114,Chamois (including combination chamois) leather; patentleather and patent laminated leather; metallised leather.,602492
202009,4115,"Composition leather with a basis of leather or leather fibre, in slabs, sheets or strip, whether or not in rolls; parings and other waste of leather or of composition leather, not suitable for the manufacture of leather articles; leather dust, powder and flour.",2252422
202009,4201,"Saddlery and harness for any animal, incl. traces, leads, knee pads, muzzles, saddle cloths, saddlebags, dog coats and the like, of any material",95999607
202009,4202,"Trunks, suitcases, vanitycases, executivecases, briefcases, school satchels, spectacle cases, binocular cases, camera cases, musical instrument cases, gun cases, holsters and similar containers; travellingbags, insulated food or beverages bags, toilet bags, rucksacks, handbags, shoppingbags, wallets, purses, mapcases, cigarettecases, tobaccopouches, tool bags, sports bags, bottlecases, jewellery boxes, powderboxes, cutlery cases and similar containers, of leather or of composition leather, of sheeting of plastics, of textile materials, of vulcanised fibre or of paperboard, or wholly or mainly covered with such materials or with paper.",1768940839
202009,4203,"Articles of apparel and clothing accessories, of leather or of composition leather.",90955351
202009,4205,Other articles of leather or of composition leather.,33740649
202009,4302,"Tanned or dressed furskins (including heads, tails, paws and other pieces or cuttings), unassembled, or assembled (without the addition of other materials) other than those of heading 43.03.",14697909
202009,4303,"rticles of apparel, clothing accessories and other articles of furskin.",369062051
202009,4304,Artificial fur and articles thereof.,9046180
202009,4401,"Fuel wood, in logs, billets, twigs, faggots or similar forms; wood in chips or particles; sawdust and wood waste and scrap, whether or not agglomerated in logs, briquettes, pellets or similar forms",898221
202009,4402,"Wood charcoal (including shell or nut charcoal), whether or notagglomerated.",15250082
202009,4403,"Wood in the rough, whether or not stripped of bark or sapwood,or roughly squared.",422608
202009,4404,"Hoopwood; split poles; piles, pickets and stakes of wood, pointed but not sawn lengthwise; wooden sticks, roughly trimmed but not turned, bent or otherwise worked, suitable for the manufacture of walkingsticks,umbrellas, tool handles or the like; chipwood and the like.",822925
202009,4405,Wood wool; wood flour.,223436
202009,4406,Railway or tramway sleepers (crossties) of wood.,6370
202009,4407,"Wood sawn or chipped lengthwise, sliced or peeled, whether or not planed, sanded or endjointed, of a thickness exceeding 6 mm.",10888826
202009,4408,"Sheets for veneering, incl. those obtained by slicing laminated wood, for plywood or for other similar laminated wood and other wood, sawn lengthwise, sliced or peeled, whether or not planed, sanded, spliced or end-jointed, of a thickness of ≤ 6 mm",45472686
202009,4409,"Wood, incl. strips and friezes for parquet flooring, not assembled, continuously shaped ""tongued, grooved, rebated, chamfered, V-jointed beaded, moulded, rounded or the like"" along any of its edges, ends or faces, whether or not planed, sanded or end-jointed",18619953
202009,4410,"Particle board, oriented strand board (OSB) and similar board (for example, waferboard) of wood or other ligneous materials, whether or not agglomerated with resins or other organic binding substances.",19393012
202009,4411,"Fibreboard of wood or other ligneous materials, whether or not bonded with resins or other organic substances.",78483851
202009,4412,"Plywood, veneered panels and similar laminated wood.",377709494
202009,4413,"Densified wood, in blocks, plates, strips or profile shapes.",627588
202009,4414,"Wooden frames for paintings, photographs, mirrors or similar objects.",45361219
202009,4415,"Packing cases, boxes, crates, drums and similar packings, of wood; cabledrums of wood; pallets, box pallets and other load boards,of wood; pallet collars of wood.",9544985
202009,4416,"Casks, barrels, vats, tubs and other coopers' products and parts thereof, of wood, including staves.",349350
202009,4417,"Tools, tool bodies, tool handles, broom or brush bodies and handles, of wood; boot or shoe lasts and trees, of wood.",9106783
202009,4418,"Builders' joinery and carpentry of wood, including cellular wood panels, assembled flooring panels, shingles and shakes.",98992580
202009,4419,"Tableware and kitchenware, of wood.",89545944
202009,4420,"Wood marquetry and inlaid wood; caskets and cases for jewellery or cutlery, and similar articles, of wood; statuettes and other ornaments, of wood; wooden articles of furniture (excluding furniture, lighting fixtures and parts thereof)",139658638
202009,4421,Other articles of wood.,280851303
202009,4501,"Natural cork, raw or merely surface-worked or otherwise cleaned; cork waste; crushed, powdered or ground cork",47786
202009,4502,"Natural cork, debacked or roughly squared, or in square or rectangular blocks, plates, sheets or strip, incl. sharp-edged blanks for corks or stoppers",465
202009,4503,Articles of natural cork.,116471
202009,4504,"Agglomerated cork, with or without a binding substance, and articles of agglomerated cork",2522628
202009,4601,"Plaits and similar products of plaiting materials, whether or not assembled into strips; plaiting materials, plaits and similar products of plaiting materials, bound together in parallel strands or woven, in sheet form, whether or not being finished articles (for example, mats, matting, screens).",23810150
202009,4602,"Basketwork, wickerwork and other articles, made directly to shape from plaiting materials or made up from goods of heading 46.01; articles of loofah.",119576384
202009,4701,Mechanical wood pulp.,64344
202009,4703,"Chemical wood pulp, soda or sulphate, other than dissolving grades.",1821138
202009,4706,"Pulps of fibres derived from recovered ""waste and scrap"" paper or paperboard or of other fibrous cellulosic material",8036812
202009,4707,ecovered (waste and scrap) paper or paperboard.,39509
202009,4801,"Newsprint, in rolls or sheets.",736000
202009,4802,"Uncoated paper and paperboard, of a kind used for writing, printing or other graphic purposes, and non perforated punchcards and punch tape paper, in rolls or rectangular (including square) sheets, of any size, other than paper of heading 48.01 or 48.03; handmade paper and paperboard.",65768620
202009,4803,"Toilet or facial tissue stock, towel or napkin stock and similar paper of a kind used for household or sanitary purposes, cellulose wadding and webs of cellulose fibres, whether or not creped, crinkled, embossed, perforated, surfacecoloured, surface decorated or printed, in rolls or sheets.",31154279
202009,4804,"Uncoated kraft paper and paperboard, in rolls or sheets, other than that of heading 48.02 or 48.03.",10842130
202009,4805,"Other uncoated paper and paperboard, in rolls or sheets, not further worked or processed than as specified in Note 3 to this Chapter.",54513795
202009,4806,"vegetable parchment, greaseproof papers, tracing papers and glassine and other glazed transparent or translucent papers, in rolls or sheets.",14281987
202009,4807,"Composite paper and paperboard (made by sticking flat layers of paper or paperboard together with an adhesive), not surface coated or impregnated, whether or not internally reinforced, in rolls or sheets.",1080964
202009,4808,"Paper and paperboard, corrugated (with or without glued flat surface sheets), creped, crinkled, embossed or perforated, in rolls or sheets, other than paper of the kind described in heading 48.03.",9379588
202009,4809,"Carbon paper, selfcopy paper and other copying or transfer papers (including coated or impregnated paper for duplicator stencils or offset plates), whether or not printed, in rolls or sheets.",15463569
202009,4810,"Paper and paperboard, coated on one or both sides with kaolin (China clay) or other inorganic substances, with or without a binder, and with no other coating, whether or not surface coloured, surfacedecorated or printed, in rolls or rectangular (including square) sheets, of any size.",191194969
202009,4811,"Paper, paperboard, cellulose wadding and webs of cellulose fibres,coated,impregnated,covered, surfacecoloured, surface decorated or printed, in rolls or rectangular (including square) sheets, of any size, other than goods of the kind described in heading 48.03, 48.09 or 48.10.",162715952
202009,4812,"Filter blocks, slabs and plates, of paper pulp.",720595
202009,4813,"Cigarette paper, whether or not cut to size or in the form of booklets or tubes.",10303952
202009,4814,Wallpaper and similar wall coverings; window transparencies of paper.,39971720
202009,4816,"Carbon paper, self-copy paper and other copying or transfer papers, in rolls of a width of ≤ 36 cm or in rectangular or square sheets with no side measuring > 36 cm in the unfolded state, or cut into shapes other than rectangles or squares, together with full duplicator stencils and offset plates of paper, whether or not in boxes",22743702
202009,4817,"Envelopes, letter cards, plain postcards and correspondence cards, of paper or paperboard; boxes, pouches, wallets and writing compendiums, of paper or paperboard, containing an assortment of paper stationery.",25317490
202009,4818,"Toilet paper and similar paper, cellulose wadding or webs of cellulose fibres, of a kind used for household or sanitary purposes, in rolls of a width ≤ 36 cm, or cut to size or shape; handkerchiefs, cleansing tissues, towels, tablecloths, serviettes, bedsheets and similar household, sanitary or hospital articles, articles of apparel and clothing accessories, of paper pulp, paper, cellulose wadding or webs of cellulose fibres",154114099
202009,4819,"Cartons, boxes, cases, bags and other packing containers, of paper, paperboard, cellulose wadding or webs of cellulose fibres, n.e.s.; box files, letter trays, and similar articles, of paperboard of a kind used in offices, shops or the like",533044231
202009,4820,"Registers, account books, note books, order books, receipt books, letter pads, memorandum pads,diaries and similar articles, exercise books, blottingpads, binders (looseleaf or other), folders, file covers, manifold business forms, interleaved carbon sets and other articles of stationery, of paper or paperboard; albums for samples or for collections and book covers, of paper or paperboard.",114215168
202009,4821,"paper or paperboard labels of all kinds, whether or not printed.",71075432
202009,4822,"Bobbins, spools, cops and similar supports of paper pulp, paper or paperboard (whether or not perforated or hardened).",4723809
202009,4823,"Other paper, paperboard, cellulose wadding and webs of cellulose fibres, cut to size or shape; other articles of paper pulp, paper,paperboard, cellulose wadding or webs of cellulose fibres.",285140697
202009,4901,"Printed books, brochures, leaflets and similar printed matter, whether or not in single sheets.",86636235
202009,4902,"Newspapers, journals and periodicals, whether or not illustrated or containing advertising material.",648799
202009,4903,"Children's picture, drawing or colouring books.",64166727
202009,4904,"Music, printed or in manuscript, whether or not bound or illustrated",30
202009,4905,"Maps and hydrographic or similar charts of all kinds, including atlases, wall maps, topographical plans and globes, printed.",1701882
202009,4906,"Plans and drawings for architectural, engineering, industrial, commercial, topographical or similar purposes, being originals drawn by hand; handwritten texts; photographic reproductions on sensitised paper and carbon copies of the foregoing",262601
202009,4907,"Unused postage, revenue or similar stamps of current or new issue in the country in which they have, or will have, a recognised face value; stamp-impressed paper; banknotes; cheque forms; stock, share or bond certificates and similar documents of title",4646167
202009,4908,Transfers (decalcomanias),25008066
202009,4909,"Printed or illustrated postcards; printed cards bearing personal greetings, messages or announcements, whether or not illustrated, with or without envelopes or trimmings.",65050339
202009,4910,"Calendars of any kind, printed, including calendar blocks.",19098978
202009,4911,"Other printed matter, including printed pictures and photographs.",98155725
202009,5001,Silkworm cocoons suitable for reeling.,60139
202009,5002,Raw silk (not thrown).,11194843
202009,5003,"Silk waste (including cocoons unsuitable for reeling, yarn waste and garnetted stock).",1050954
202009,5004,Silk yarn (other than yarn spun from silk waste) not put up for retail sale.,3480845
202009,5005,"Yarn spun from silk waste, not put up for retail sale.",2237772
202009,5006,"Silk yarn and yarn spun from silk waste, put up for retail sale;silkworm gut.",8800
202009,5007,Woven fabrics of silk or of silk waste.,22453811
202009,5101,"Wool, not carded or combed.",1369892
202009,5103,"Waste of wool or of fine or coarse animal hair, including yarn waste but excluding garnetted stock.",649300
202009,5105,"Wool and fine or coarse animal hair, carded or combed (including combed wool in fragments).",46752201
202009,5106,"Yarn of carded wool, not put up for retail sale.",9160433
202009,5107,"Yarn of combed wool, not put up for retail sale.",18987866
202009,5108,"yarn of fine animal hair (carded or combed), not put up for retail sale.",53142402
202009,5109,"Yarn of wool or of fine animal hair, put up for retail sale.",3888648
202009,5110,"Yarn of coarse animal hair or of horsehair (including gimped horsehair yarn), whether or not put up for retail sale.",28498
202009,5111,Woven fabrics of carded wool or of carded fine animal hair.,6382619
202009,5112,Woven fabrics of combed wool or of combed fine animal hair.,7473871
202009,5113,Woven fabrics of coarse animal hair or of horsehair.,52466
202009,5202,Cotton waste (including yarn waste and garnetted stock).,1473
202009,5204,"Cotton sewing thread, whether or not put up for retail sale.",2286554
202009,5205,"Cotton yarn (other than sewing thread), containing 85% or more by weight of cotton, not put up for retail sale.",73573026
202009,5206,"otton yarn (other than sewing thread), containing less than 85% by weight of cotton, not put up for retail sale.",23587210
202009,5207,otton yarn (other than sewing thread) put up for retail sale.,1632931
202009,5208,"Woven fabrics of cotton, containing 85% or more by weight of cotton, weighing not more than 200 g/m2",561426989
202009,5209,"Woven fabrics of cotton, containing 85% or more by weight of cotton, weighing more than 200 g/m2",157399913
202009,5210,"Woven fabrics of cotton, containing less than 85% by weight of cotton, mixed mainly or solely with manmade fibres, weighing not more than 200 g/m2.",67280329
202009,5211,"Woven fabrics of cotton, containing less than 85% by weight of cotton, mixed mainly or solely with manmade fibres, weighing more than 200 g/m2.",163009255
202009,5212,Other woven fabrics of cotton.,4987160
202009,5301,"Flax, raw or processed but not spun; flax tow and waste (including yarn waste and garnetted stock).",296083
202009,5302,"True hemp (Cannabis sativa L.), raw or processed but not spun; tow and waste of true hemp (including yarn waste and garnetted stock).",46383
202009,5303,"Jute and other textile bast fibres (excluding flax, true hemp and ramie), raw or processed but not spun; tow and waste of these fibres (including yarn waste and garnetted stock).",31954
202009,5305,"Coconut, abaca ""Manila hemp or Musa textilis Nee"", ramie, agave and other vegetable textile fibres, n.e.s., raw or processed, but not spun; tow, noils and waste of such fibres, incl. yarn waste and garnetted stock",103006
202009,5306,lax yarn.,13901731
202009,5307,Yarn of jute or of other textile bast fibres of heading 53.03.,371968
202009,5308,Yarn of other vegetable textile fibres; paper yarn.,2347689
202009,5309,Woven fabrics of flax.,30446605
202009,5310,Woven fabrics of jute or of other textile bast fibres of heading 5303,363424
202009,5311,Woven fabrics of other vegetable textile fibres; woven fabrics of paper yarn.,10318162
202009,5401,"Sewing thread of manmade filaments, whether or not put up for retail sale.",30501361
202009,5402,"Synthetic filament yarn (other than sewing thread), not put up for retail sale, including synthetic monofilament of less than 67 decitex.",424569086
202009,5403,"Artificial filament yarn (other than sewing thread), not put up for retail sale, including artificial monofilament of less than 67 decitex.",31481239
202009,5404,"Synthetic monofilament of 67 decitex or more and of which no crosssectional dimension exceeds 1 mm; strip and the like (for example, artificial straw) of synthetic textile materials of an apparent width not exceeding 5 mm.",16825933
202009,5405,"Artificial monofilament of 67 decitex or more and of which no crosssectional dimension exceeds 1 mm; strip and the like (for example, artificial straw) of artificial textile materials of an apparent width not exceeding 5 mm.",39949
202009,5406,"Manmade filament yarn (other than sewing thread), put up for retail sale.",7608348
202009,5407,"Woven fabrics of synthetic filament yarn, including woven fabrics obtained from materials of heading 54.04.",1199653565
202009,5408,"Woven fabrics of artificial filament yarn, including woven fabrics obtained from materials of heading 54.05.",10689280
202009,5501,Synthetic filament tow.,6078082
202009,5502,Artificial filament tow.,7575912
202009,5503,"Synthetic staple fibres, not carded, combed or otherwise processed for spinning.",78833669
202009,5504,"Artificial staple fibres, not carded, combed or otherwise processed for spinning.",46669971
202009,5505,"Waste (including noils, yarn waste and garnetted stock) of manmade fibres.",4789
202009,5506,"Synthetic staple fibres, carded, combed or otherwise processed for spinning.",1767985
202009,5507,"Artificial staple fibres, carded, combed or otherwise processed for spinning.",566944
202009,5508,"Sewing thread of manmade staple fibres, whether or not put up for retail sale.",33489525
202009,5509,"Yarn (other than sewing thread) of synthetic staple fibres, not put up for retail sale.",113093783
202009,5510,"Yarn (other than sewing thread) of artificial staple fibres, not put up for retail sale.",56863550
202009,5511,"Yarn (other than sewing thread) of manmade staple fibres, put up for retail sale.",4541353
202009,5512,"Woven fabrics of synthetic staple fibres, containing 85% or more by weight of synthetic staple fibres.",80918210
202009,5513,"Woven fabrics of synthetic staple fibres, containing less than 85% by weight of such fibres, mixed mainly or solely with cotton, of a weight not exceeding 170 g/m2.",102856458
202009,5514,"Woven fabrics of synthetic staple fibres, containing less than 85% by weight of such fibres, mixed mainly or solely with cotton, of a weight exceeding 170g/m2.",50464128
202009,5515,Other woven fabrics of synthetic staple fibres.,103524319
202009,5516,Woven fabrics of artificial staple fibres.,234307953
202009,5601,"Wadding of textile materials and articles thereof; textile fibres, not exceeding 5 mm in length (flock),textile dust and mill neps.",27968007
202009,5602,"Felt, whether or not impregnated, coated, covered or laminated.",16900261
202009,5603,"Nonwovens, whether or not impregnated, coated, covered or laminated.",540083845
202009,5604,"Textile-covered rubber thread and cord; textile yarn, strip and the like of heading 5404 and 5405, impregnated, coated, covered or sheathed with rubber or plastics",37345370
202009,5605,"Metallised yarn, whether or not gimped, being textile yarn, or strip or the like of heading 5404 or 5405, of textile fibres, combined with metal in the form of thread, strip or powder or covered with metal",7669444
202009,5606,"Gimped yarn, gimped strip and the like of heading 5404 or 5405; chenille yarn, incl. flock chenille yarn, and loop wale-yarn",11390566
202009,5607,"Twine, cordage, ropes and cables, whether or not plaited or braided and whether or not impregnated, coated, covered or sheathed with rubber or plastics",81723876
202009,5608,"Knotted netting of twine, cordage or rope; made up fishing nets and other made up nets, of textile materials.",70459384
202009,5609,"Articles of yarn, strip or the like of heading 54.04 or 54.05, twine, cordage, rope or cables, not elsewhere specified or included.",27571987
202009,5701,"Carpets and other textile floor coverings, knotted, whether or not made up.",1939080
202009,5702,"Carpets and other textile floor coverings, woven, not tufted or flocked, whether or not made up, incl. Kelem, Schumacks, Karamanie and similar hand-woven rugs",47252479
202009,5703,"Carpets and other textile floor coverings, tufted, whether or not made up.",121975347
202009,5704,"Carpets and other floor coverings, of felt, not tufted or flocked, whether or not made up",1345873
202009,5705,"Other carpets and other textile floor coverings, whether or not made up.",124894387
202009,5801,"Woven pile fabrics and chenille fabrics (excluding terry towelling and similar woven terry fabrics, tufted textile fabrics and narrow woven fabrics of heading 5806)",89880589
202009,5802,"Terry towelling and similar woven terry fabrics, tufted textile fabrics (excluding narrow woven fabrics of heading 5806, carpets and other floor coverings)",3746346
202009,5803,"Gauze, other than narrow fabrics of heading 58.06.",1273979
202009,5804,"Tulles and other net fabrics, not including woven, knitted or crocheted fabrics; lace in the piece, in strips or in motifs, other than fabrics of headings 60.02 to 60.06.",62487664
202009,5805,"Hand-woven tapestries of the type Gobelin, Flanders, Aubusson, Beauvais and the like, and needle-worked tapestries, e.g. petit point, cross-stitch, whether or not made up (excluding Kelem, Schumacks, Karamanie and the like, and tapestries > 100 years old)",335577
202009,5806,"Narrow woven fabrics of textile materials, with a width of ≤ 30 cm (excluding labels, badges and similar articles); narrow fabrics consisting of warp without weft assembled by means of an adhesive ""bolducs""",136335584
202009,5807,"Cabels, badges and similar articles of textile materials, in the piece, in strips or cut to shape or size, not embroidered.",28594353
202009,5808,"Braids of textile materials, in the piece; ornamental trimmings of textile materials, in the piece, not embroidered, other than knitted or crocheted; tassels, pompons and similar articles of textile materials",11971058
202009,5809,"Woven fabrics of metal thread and woven fabrics of metallised yarn of heading 5605, of a kind used in apparel, as furnishing fabrics or for similar purposes, n.e.s.",21624
202009,5810,"Embroidery on a textile fabric ground, in the piece, in strips or in motifs",49534688
202009,5811,"Quilted textile products in the piece, composed of one or more layers of textile materials assembled with padding by stitching or otherwise (excluding embroidery of heading 5810 and quilted fabrics for bedding and furnishings)",4729553
202009,5901,"Quilted textile products in the piece, composed of one or more layers of textile materials assembled with padding by stitching or otherwise (excluding embroidery of heading 5810 and quilted fabrics for bedding and furnishings)",32039429
202009,5902,"Tyre cord fabric of high-tenacity yarn of nylon or other polyamides, polyesters or viscose rayon, whether or not dipped or impregnated with rubber or plastic",59658910
202009,5903,"Textile fabrics impregnated, coated, covered or laminated with plastics, other than those of heading 59.02.",386868627
202009,5904,"Linoleum, whether or not cut to shape; floor coverings consisting of a coating or covering applied on a textile backing, whether or not cut to shape.",6141115
202009,5905,Textile wall coverings.,2553021
202009,5906,"Rubberised textile fabrics, other than those of heading 59.02.",15973309
202009,5907,"Impregnated, coated or covered textile fabrics; painted canvas being theatrical scenery, studio backcloths or the like, n.e.s.",26112554
202009,5908,"Textile wicks, woven, plaited or knitted, for lamps, stoves, lighters, candles or the like; incandescent gas mantles and tubular knitted gas-mantle fabric for incandescent gas mantles, whether or not impregnated",526035
202009,5909,"Textile hosepiping and similar textile tubing, whether or not impregnated or coated, with or without lining, armour or accessories of other materials",8539096
202009,5910,"Transmission or conveyor belts or belting, of textile material, whether or not impregnated, coated, covered or laminated with plastics, or reinforced with metal or other material.",7329475
202009,5911,"Textile products and articles, for technical use, specified in Note 7 to chapter 59",61501627
202009,6001,"Pile fabrics, incl. ""long pile"" fabrics and terry fabrics, knitted or crocheted",390700913
202009,6002,"Knitted or crocheted fabrics of a width not exceeding 30cm, containing by weight 5% or more of elastomeric yarn or rubber thread, other than those of heading 60.01.",14011339
202009,6003,"Knitted or crocheted fabrics of a width not exceeding 30cm, other than those of heading 60.01 or 60.02.",8751930
202009,6004,"Knitted or crocheted fabrics of a width exceeding 30 cm, containing by weight 5% or more of elastomeric yarn or rubber thread, other than those of heading 60.01",313999793
202009,6005,"Warp knit fabrics (including those made on galloon knitting machines), other than those of headings 60.01 to 60.04.",109694458
202009,6006,Other knitted or crocheted fabrics.,825304740
202009,6101,"Men's or boys' overcoats, car coats, capes, cloaks, anoraks, incl. ski jackets, windcheaters, wind-jackets and similar articles, knitted or crocheted (excluding suits, ensembles, jackets, blazers, bib and brace overalls and trousers)",43851401
202009,6102,"Women's or girls' overcoats, carcoats, capes, cloaks, anoraks (including skijackets), windcheaters, windjackets and similar articles, knitted or crocheted, other than those of heading 61.04.",82803670
202009,6103,"Men's or boys' suits, ensembles, jackets, blazers, trousers, bib and brace overalls, breeches and shorts",514987743
202009,6104,"Women's or girls' suits, ensembles, jackets, blazers, dresses, skirts, divided skirts, trousers, bib and brace overalls, breeches and shorts, knitted or crocheted",1336852083
202009,6105,"en's or boys' shirts, knitted or crocheted.",50246961
202009,6106,"Women's or girls' blouses, shirts and shirt-blouses, knitted or crocheted (excluding T-shirts and vests)",18665087
202009,6107,"Men's or boys' underpants, briefs, nightshirts, pyjamas, bathrobes, dressing gowns and similar articles, knitted or crocheted (excluding vests and singlets)",312756468
202009,6108,"Women's or girls' slips, petticoats, briefs, panties, nightdresses, pyjamas, négligés, bathrobes, dressing gowns, housecoats and similar articles, knitted or crocheted (excluding T-shirts, vests, brassieres, girdles, corsets and similar articles)",651891155
202009,6109,"T-shirts, singlets and other vests, knitted or crocheted",524867310
202009,6110,"Jerseys, pullovers, cardigans, waistcoats and similar articles, of wool, knitted or crocheted (excluding wadded waistcoats)",2324380305
202009,6111,"Babies' garments and clothing accessories of wool or fine animal hair, knitted or crocheted (excluding hats)",176456536
202009,6112,"Track-suits, ski-suits and swimwear, knitted or crocheted",86273044
202009,6113,"Garments, knitted or crocheted, rubberised or impregnated, coated or covered with plastics or other materials (excluding babies' garments and clothing accessories)",21568932
202009,6114,"Special garments for professional, sporting or other purposes, n.e.s., knitted or crocheted",171062507
202009,6115,"Pantyhose, tights, stockings, socks and other hosiery, incl. graduated compression hosiery [e.g., stockings for varicose veins] and footwear without applied soles, knitted or crocheted (excluding for babies)",613152093
202009,6116,"Gloves, mittens and mitts, knitted or crocheted (excluding for babies)",261704096
202009,6117,"Other made up clothing accessories, knitted or crocheted; knitted or crocheted parts of garments or of clothing accessories.",189439039
202009,6201,"Men's or boys' overcoats, car coats, capes, cloaks, anoraks, incl. ski jackets, windcheaters, wind-jackets and similar articles (excluding knitted or crocheted, suits, ensembles, jackets, blazers and trousers)",614187083
202009,6202,"Women's or girls' overcoats, car coats, capes, cloaks, anoraks, incl. ski jackets, windcheaters, wind-jackets and similar articles (excluding knitted or crocheted, suits, ensembles, jackets, blazers and trousers)",836608710
202009,6203,"Men's or boys' suits, ensembles, jackets, blazers, trousers, bib and brace overalls, breeches and shorts (excluding knitted or crocheted, wind-jackets and similar articles, separate waistcoats, tracksuits, ski suits and swimwear)",740442721
202009,6204,"Women's or girls' suits, ensembles, jackets, blazers, dresses, skirts, divided skirts, trousers, bib and brace overalls, breeches and shorts (excluding knitted or crocheted, wind-jackets and similar articles, slips, petticoats and panties, tracksuits, ski suits and swimwear)",1707955468
202009,6205,Men's or boys' shirts.,122718290
202009,6206,"Women's or girls' blouses, shirts and shirtblouses.",115008313
202009,6207,"Men's or boys' singlets and other vests, underpants, briefs, nightshirts, pyjamas, bathrobes, dressing gowns and similar articles",33893212
202009,6208,"Women's or girls' singlets and other vests, slips, petticoats, briefs, panties, nightdresses, pyjamas, négligés, bathrobes, dressing gowns, housecoats and similar articles (excluding knitted or crocheted, brassières, girdles, corsets and similar articles)",88119194
202009,6209,Babies garments and clothing accessories of textile materials (excluding knitted or crocheted and hats),35084118
202009,6210,"Garments made up of felt or nonwovens, whether or not impregnated, coated, covered or laminated; garments of textile fabrics, rubberised or impregnated, coated, covered or laminated with plastics or other substances (excluding knitted or crocheted, and babies' garments and clothing accessories)",1171975619
202009,6211,"Tracksuits, ski suits, swimwear and other garments, n.e.s.",374215559
202009,6212,"Brassieres, girdles, corsets, braces, suspenders, garters and similar articles and parts thereof, of all types of textile materials, whether or not elasticated, incl. knitted or crocheted (excluding belts and corselets made entirely of rubber)",338278946
202009,6213,Handkerchiefs,8261321
202009,6214,"Shawls, scarves, mufflers, mantillas, veils and similar articles",126025706
202009,6215,"Ties, bow ties and cravats of textile materials",7557919
202009,6216,"Gloves, mittens and mitts, of all types of textile materials (excluding knitted or crocheted and for babies)",47250495
202009,6217,"Made-up clothing accessories and parts of garments or clothing accessories, of all types of textile materials, n.e.s.",26531583
202009,6301,Blankets and travelling rugs,456160409
202009,6302,"Bed linen, table linen, toilet linen and kitchen linen.",788545674
202009,6303,Curtains (including drapes) and interior blinds; curtain or bed valances.,261001487
202009,6304,"Other furnishing articles, excluding those of heading 94.04.",200233446
202009,6305,"Packs and bags, of a kind used for the packing of goods.",145631438
202009,6306,"Tarpaulins, awnings and sunblinds; tents; sails for boats, sailboards or landcraft; camping goods of all types of textile materials",221410143
202009,6307,"other made up articles, including dress patterns.",3500082565
202009,6308,"Sets consisting of woven fabric and yarn, whether or not with accessories, for making up into rugs, tapestries, embroidered table cloths or serviettes, or similar textile articles, put up in packings for retail sale.",1589421
202009,6309,Worn clothing and other worn articles.,45806645
202009,6310,"Used or new rags, scrap twine, cordage, rope and cables and worn-out articles thereof, of textile materials",1430818
202009,6401,"Waterproof footwear with outer soles and uppers of rubber or of plastics, the uppers of which are neither fixed to the sole nor assembled by stitching, riveting, nailing, screwing, plugging or similar processes.",50643647
202009,6402,Other footwear with outer soles and uppers of rubber or plastics.,1474339517
202009,6403,"ootwear with outer soles of rubber, plastics, leather or composition leather and uppers of leather.",727371576
202009,6404,"Footwear with outer soles of rubber, plastics, leather or composition leather and uppers of textile materials.",924649720
202009,6405,Other footwear.,162385620
202009,6406,"Parts of footwear, incl. uppers whether or not attached to soles other than outer soles; removable in-soles, heel cushions and similar articles; gaiters, leggings and similar articles, and parts thereof (excluding articles of asbestos)",256074517
202009,6501,"Hatforms, hat bodies and hoods of felt, neither blocked to shape nor with made brims; plateaux and manchons (including slit manchons), of felt.",67714
202009,6502,"Hatshapes, plaited or made by assembling strips of any material, neither blocked to shape, nor with made brims, nor lined, nor trimmed.",571895
202009,6504,"Hats and other headgear, plaited or made by assembling strips of any material, whether or not lined or trimmed.",6515199
202009,6505,"Hats and other headgear, knitted or crocheted, or made up from lace, felt or other textile fabric, in the piece (but not in strips), whether or not lined or trimmed; hairnets of any material, whether or not lined or trimmed.",232210113
202009,6506,"Other headgear, whether or not lined or trimmed.",167741367
202009,6507,"Headbands, linings, covers, hat foundations, hat frames, peaks and chinstraps, for headgear.",7760244
202009,6601,"Umbrellas and sun umbrellas (including walkingstick umbrellas, garden umbrellas and similar umbrellas).",136782587
202009,6602,"Walkingsticks, seatsticks, whips, ridingcrops and the like.",9868574
202009,6603,"Parts, trimmings and accessories of articles of heading 66.01 or 66.02.",14096357
202009,6701,"Skins and other parts of birds with their feathers or down, feathers, parts of feathers, down and articles thereof (other than goods of heading 05.05 and worked quills and scapes).",8618517
202009,6702,"Artificial flowers, foliage and fruit and parts thereof; articles made of artificial flowers, foliage or fruit.",412860392
202009,6703,"Human hair, dressed, thinned, bleached or otherwise worked; wool or other animal hair or other textile materials, prepared for use in making wigs or the like.",3534118
202009,6704,"igs, false beards, eyebrows and eyelashes, switches and the like, of human or animal hair or of textile materials; articles of human hair not elsewhere specified or included.",356908276
202009,6801,"Setts, curbstones and flagstones, of natural stone (except slate).",53583958
202009,6802,"Worked monumental or building stone (except slate) and articles thereof, other than goods of heading 68.01; mosaic cubes and the like, of natural stone (including slate), whether or not on a backing; artificially coloured granules, chippings and powder, of natural stone (including slate).",424947509
202009,6803,Worked slate and articles of slate or of agglomerated slate.,16207404
202009,6804,"Millstones, grindstones, grinding wheels and the like, without frameworks, for milling, grinding, pulping, sharpening, polishing, trueing or cutting, hand sharpening or polishing stones, and parts thereof, of natural stone, of agglomerated natural or artificial abrasives, or of ceramics, with or without parts of other materials",93902344
202009,6805,"Natural or artificial abrasive powder or grain, on a base of textile material, of paper, of paperboard or of other materials, whether or not cut to shape or sewn or otherwise made up.",47130829
202009,6806,"Slag-wool, rock-wool and similar mineral wools; exfoliated vermiculite, expanded clays, foamed slag and similar expanded mineral materials; mixtures and articles of heat-insulating, sound-insulating or sound absorbing mineral materials",40225314
202009,6807,"Articles of asphalt or of similar material (for example, petroleum bitumen or coal tar pitch).",4606049
202009,6808,"Panels, boards, tiles, blocks and similar articles of vegetable fibre, of straw or of shavings, chips, particles, sawdust or other waste, of wood, agglomerated with cement, plaster or other mineral binders.",11618065
202009,6809,Articles of plaster or of compositions based on plaster.,17650919
202009,6810,"Articles of cement, of concrete or of artificial stone, whether or not reinforced.",309562268
202009,6811,"Articles of asbestos-cement, of cellulose fibre-cement or the like.",10242459
202009,6812,"Fabricated asbestos fibres; mixtures with a basis of asbestos or with a basis of asbestos and magnesium carbonate; articles of such mixtures or of asbestos (for example, thread, woven fabric, clothing, headgear, footwear, gaskets), whether or not reinforced, other than goods of heading 68.11 or 68.13.",2982511
202009,6813,"Friction material and articles thereof, e.g., sheets, rolls, strips, segments, discs, washers, pads, not mounted, for brakes, clutches or the like, with a basis of asbestos, other mineral substances or cellulose, whether or not combined with textile or other materials",4743111
202009,6814,"Worked mica and articles of mica, including agglomerated or reconstituted mica, whether or not on a support of paper, paperboard or other materials.",5042611
202009,6815,"Articles of stone or of other mineral substances (including carbon fibres, articles of carbon fibres and articles of peat), not elsewhere specified or included.",65288028
202009,6901,"Bricks, blocks, tiles and other ceramic goods of siliceous fossil meals (for example, kieselguhr, tripolite or diatomite) or of similar siliceous earths.",2775265
202009,6902,"Refractory bricks, blocks, tiles and similar refractory ceramic constructional goods, other than those of siliceous fossil meals or similar siliceous earths.",92572554
202009,6903,"Other refractory ceramic goods (for example, retorts, crucibles, muffles, nozzles, plugs, supports, cupels, tubes, pipes, sheaths and rods), other than those of siliceous fossil meals or of similar siliceous earths.",23511077
202009,6904,"Geramic building bricks, flooring blocks, support or filler tiles and the like.",80913586
202009,6905,"Roofing tiles, chimneypots, cowls, chimney liners, architectural ornaments and other ceramic constructional goods.",6873628
202009,6906,"Ceramic pipes, conduits, guttering and pipe fittings.",1111544
202009,6907,"Geramic flags and paving, hearth or wall tiles; ceramic mosaic cubes and the like, whether or not on a backing; finishing ceramics.",370510100
202009,6909,"Geramic wares for laboratory, chemical or other technical uses; ceramic troughs, tubs and similar receptacles of a kind used in agriculture; ceramic pots, jars and similar articles of a kind used for the conveyance or packing of goods.",53310679
202009,6910,"Geramic sinks, wash basins, wash basin pedestals, baths, bidets, water closet pans, flushing cisterns, urinals and similar sanitary fixtures.",748752587
202009,6911,"Tableware, kitchenware, other household articles and toilet articles, of porcelain or china.",570302646
202009,6912,"Geramic tableware, kitchenware, other household articles and toilet articles, other than of porcelain or china.",56123773
202009,6913,Statuettes and other ornamental ceramic articles.,140782022
202009,6914,Other ceramic articles.,103119682
202009,7001,Cullet and other waste and scrap of glass; glass in the mass.,4114437
202009,7002,"Glass in balls (other than microspheres of heading 70.18), rods or tubes, unworked.",14210787
202009,7003,"Cast glass and rolled glass, in sheets or profiles, whether or not having an absorbent, reflecting or nonreflecting layer, but not otherwise worked.",77155062
202009,7004,"Drawn glass and blown glass, in sheets, whether or not having an absorbent, reflecting or nonreflecting layer, but not otherwise worked.",1904271
202009,7005,"Float glass and surface ground or polished glass, in sheets, whether or not having an absorbent, reflecting or nonreflecting layer, but not otherwise worked.",60800300
202009,7006,"Glass of heading 70.03, 70.04 or 70.05, bent, edgeworked, engraved, drilled, enamelled or otherwise worked, but not framed or fitted with other materials.",98766641
202009,7007,"safety glass, consisting of toughened (tempered) or laminated glass.",262955886
202009,7008,Multiplewalled insulating units of glass.,17466131
202009,7009,"Glass mirrors, whether or not framed, including rearview mirrors.",252929245
202009,7010,"Carboys, bottles, flasks, jars, pots, phials, ampoules and other containers, of glass, of a kind used for the conveyance or packing of goods; preserving jars of glass; stoppers, lids and other closures, of glass.",190769264
202009,7011,"Glass envelopes (including bulbs and tubes), open, and glass parts thereof, without fittings, for electric lamps, cathoderay tubes or the like.",1469175
202009,7013,"Glassware of a kind used for table, kitchen, toilet, office, indoor decoration or similar purposes (other than that of heading 70.10 or 70.18).",317932849
202009,7014,"Signalling glassware and optical elements of glass (other than those of heading 70.15), not optically worked.",7162818
202009,7015,"Clock or watch glasses and similar glasses, glasses for non corrective or corrective spectacles, curved, bent, hollowed or the like, not optically worked; hollow glass spheres and their segments, for the manufacture of such glasses.",805461
202009,7016,"Paving blocks, slabs, bricks, squares, tiles and other articles of pressed or moulded glass, whether or not wired, of a kind used for building or construction purposes; glass cubes and other glass smallwares, whether or not on a backing, for mosaics or similar decorative purposes; leaded lights and the like; multicellular or foam glass in blocks, panels, plates, shells or similar forms.",45611503
202009,7017,"Laboratory, hygienic or pharmaceutical glassware, whether or not graduated or calibrated.",8283523
202009,7018,"Glass beads, imitation pearls, imitation precious or semiprecious stones and similar glass smallwares, and articles thereof other than imitation jewellery; glass eyes other than prosthetic articles; statuettes and other ornaments of lampworked glass, other than imitation jewellery; glass microspheres not exceeding 1mm in diameter.",88994004
202009,7019,"Glass fibres (including glass wool) and articles thereof (for example, yarn, woven fabrics).",174049976
202009,7020,Other articles of glass.,65371765
202009,7101,"Pearls, natural or cultured, whether or not worked or graded but not strung, mounted or set; pearls, natural or cultured, temporarily strung for convenience of transport.",1238516
202009,7102,"Diamonds, whether or not worked, but not mounted or set.",87406364
202009,7103,"Precious stones and semi-precious stones, whether or not worked or graded, but not strung, mounted or set, ungraded precious stones and semi-precious stones, temporarily strung for convenience of transport",574767
202009,7104,"Synthetic or reconstructed precious or semiprecious stones, whether or not worked or graded but not strung, mounted or set; ungraded synthetic or reconstructed precious or semiprecious stones, temporarily strung for convenience of transport.",51560416
202009,7105,Dust and powder of natural or synthetic precious or semiprecious stones.,10535475
202009,7106,"Silver (including silver plated with gold or platinum), unwrought or in semimanufactured forms, or in powder form.",249644918
202009,7107,"Base metals clad with silver, not further worked than semimanufactured.",705016
202009,7108,"Gold (including gold plated with platinum) unwrought or in semimanufactured forms, or in powder form.",367286952
202009,7109,"Base metals or silver, clad with gold, not further worked than semimanufactured.",1384
202009,7110,"Platinum, unwrought or in semimanufactured forms, or in powder form.",23865967
202009,7112,"Waste and scrap of precious metal or of metal clad with precious metal; other waste and scrap containing precious metal or precious metal compounds, of a kind used principally for the recovery of precious metal.",9301070
202009,7113,"Articles of jewellery and parts thereof, of precious metal or of metal clad with precious metal.",783754851
202009,7114,"Articles of goldsmiths' or silversmiths' wares and parts thereof, of precious metal or of metal clad with precious metal.",31348028
202009,7115,Other articles of precious metal or of metal clad with precious metal.,41727390
202009,7116,"Articles of natural or cultured pearls, precious or semiprecious stones (natural, synthetic or reconstructed).",10591049
202009,7117,Imitation jewellery.,166795769
202009,7118,Coin.,188232
202009,7201,"Pig iron and spiegeleisen in pigs, blocks or other primary forms.",2372
202009,7202,Ferroalloys.,60029528
202009,7203,"Ferrous products obtained by direct reduction of iron ore and other spongy ferrous products, in lumps, pellets or similar forms; iron having a minimum purity by weight of 99.94%, in lumps, pellets or similar forms.",52153
202009,7204,Ferrous waste and scrap; remelting scrap ingots of iron or steel.,8084
202009,7205,"Nranules and powders, of pig iron, spiegeleisen, iron or steel.",13788054
202009,7206,Iron and nonalloy steel in ingots or other primary forms (excluding iron of heading 72.03).,83056
202009,7207,Semi-finished products of iron or nonalloy steel.,315990
202009,7208,"Flat-rolled products of iron or nonalloy steel, of a width of 600 mm or more, hotrolled, not clad, plated or coated.",20404796
202009,7209,"Flat-rolled products of iron or nonalloy steel, of a width of 600 mm or more, coldrolled (coldreduced), not clad, plated or coated.",69167881
202009,7210,"at-rolled products of iron or non-alloy steel, of a width ≥ 600 mm, hot-rolled or cold-rolled ""cold-reduced"", clad, plated or coated",959878775
202009,7211,"Flat-rolled products of iron or nonalloy steel, of a width of less than 600 mm, not clad, plated or coated.",26352807
202009,7212,"Flat-rolled products of iron or nonalloy steel, of a width of less than 600 mm, clad, plated or coated.",73261233
202009,7213,"Bars and rods, hotrolled, in irregularly wound coils, of iron or nonalloy steel.",16284211
202009,7214,"Other bars and rods of iron or nonalloy steel, not further worked than forged, hotrolled, hotdrawn or hotextruded, but including those twisted after rolling.",34223870
202009,7215,Other bars and rods of iron or nonalloy steel.,3258458
202009,7216,"Angles, shapes and sections of iron or nonalloy steel.",80376866
202009,7217,Wire of iron or nonalloy steel.,195842842
202009,7218,Stainless steel in ingots or other primary forms; semifinished products of stainless steel.,7649
202009,7219,"Flat-rolled products of stainless steel, of a width of 600 mm or more.",238880199
202009,7220,"Flat-rolled products of stainless steel, of a width of less than 600 mm.",48241654
202009,7221,"Bars and rods, hotrolled, in irregularly wound coils, of stainless steel.",15011434
202009,7222,"Other bars and rods of stainless steel; angles, shapes and sections of stainless steel.",17013114
202009,7223,Wire of stainless steel.,18052219
202009,7224,Other alloy steel in ingots or other primary forms; semifinished products of other alloy steel.,158751
202009,7225,"Flat-rolled products of other alloy steel, of a width of 600 mm or more.",274210164
202009,7226,"Flat-rolled products of alloy steel other than stainless, of a width of ≥ 600 mm, hot-rolled or cold-rolled ""cold-reduced"" and further worked (excluding plated or coated with zinc and products of silicon-electrical steel)",25074082
202009,7227,"Bars and rods, hot-rolled, in irregularly wound coils, of other alloy steel.",75548882
202009,7228,"Other bars and rods of other alloy steel; angles, shapes and sections, of other alloy steel; hollow drill bars and rods, of alloy or nonalloy steel.",205568067
202009,7229,Wire of other alloy steel.,31016118
202009,7301,"Sheet piling of iron or steel, whether or not drilled, punched or made from assembled elements; welded angles, shapes and sections, of iron or steel.",19703137
202009,7302,"Railway or tramway track construction material of iron or steel, the following : rails, check-rails and rack rails, switch blades, crossing frogs, point rods and other crossing pieces, sleepers ""cross-ties"", fish-plates, chairs, chair wedges, sole plates ""base plates"", rail clips, bedplates, ties and other material specialised for jointing or fixing rails",26776467
202009,7303,"Tubes, pipes and hollow profiles, of cast iron.",34363790
202009,7304,"Tubes, pipes and hollow profiles, seamless, of iron (other than cast iron) or steel.",280955953
202009,7305,"Other tubes and pipes (for example, welded, riveted or similarly closed), having circular cross-sections, the external diameter of which exceeds 406.4 mm, of iron or steel.",32817873
202009,7306,"Other tubes, pipes and hollow profiles (for example, open seam or welded, riveted or similarly closed), of iron or steel.",287347055
202009,7307,"Tube or pipe fittings (for example, couplings, elbows, sleeves), of iron or steel.",351505235
202009,7308,"Structures (excluding prefabricated buildings of heading 94.06) and parts of structures (for example, bridges and bridgesections, lockgates, towers, lattice masts, roofs, roofing frameworks, doors and windows and their frames and thresholds for doors, shutters, balustrades, pillars and columns), of iron or steel; plates, rods, angles, shapes, sections, tubes and the like, prepared for use in structures, of iron or steel.",1128196791
202009,7309,"eservoirs, tanks, vats and similar containers for any material (other than compressed or liquefied gas), of iron or steel, of a capacity exceeding 300 l, whether or not lined or heatinsulated, but not fitted with mechanical or thermal equipment.",42543798
202009,7310,"anks, casks, drums, cans, boxes and similar containers, for any material (other than compressed or liquefied gas), of iron or steel, of a capacity not exceeding 300 l, whether or not lined or heatinsulated, but not fitted with mechanical or thermal equipment.",100947739
202009,7311,"Containers for compressed or liquefied gas, of iron or steel.",75397321
202009,7312,"Stranded wire, ropes, cables, plaited bands, slings and the like, of iron or steel, not electrically insulated.",151635789
202009,7313,"Barbed wire of iron or steel; twisted hoop or single flat wire, barbed or not, and loosely twisted double wire, of a kind used for fencing, of iron or steel.",15470531
202009,7314,"Cloth (including endless bands), grill, netting and fencing, of iron or steel wire; expanded metal of iron or steel.",156850497
202009,7315,"Chain and parts thereof, of iron or steel.",141129615
202009,7316,"Anchors, grapnels and parts thereof, of iron or steel.",6210384
202009,7317,"Nails, tacks, drawing pins, corrugated nails, staples (other than those of heading 83.05) and similar articles, of iron or steel, whether or not with heads of other material, but excluding such articles with heads of copper.",132620593
202009,7318,"Screws, bolts, nuts, coach screws, screw hooks, rivets, cotters, cotterpins, washers (including spring washers) and similar articles, of iron or steel.",561633873
202009,7319,"Sewing needles, knitting needles, bodkins, crochet hooks, embroidery stilettos and similar articles, for use in the hand, of iron or steel; safety pins and other pins of iron or steel, not elsewhere specified or included.",9144363
202009,7320,"Springs and leaves for springs, of iron or steel.",57829327
202009,7321,"Stoves, ranges, grates, cookers (including those with subsidiary boilers for central heating), barbecues, braziers, gasrings, plate warmers and similar nonelectric domestic appliances, and parts thereof, of iron or steel.",406147027
202009,7322,"Radiators for central heating, not electrically heated, and parts thereof, of iron or steel; air heaters and hot air distributors (including distributors which can also distribute fresh or conditioned air), not electrically heated, incorporating a motordriven fan or blower, and parts thereof, of iron or steel.",20649145
202009,7323,"Table, kitchen or other household articles and parts thereof, of iron or steel; iron or steel wool; pot scourers and scouring or polishing pads, gloves and the like, of iron or steel.",990853500
202009,7324,"Sanitary ware and parts thereof, of iron or steel.",195050349
202009,7325,Other cast articles of iron or steel.,59626313
202009,7326,Other articles of iron or steel.,916634213
202009,7402,Unrefined copper; copper anodes for electrolytic refining.,187598
202009,7403,"Refined copper and copper alloys, unwrought.",106374192
202009,7404,Copper waste and scrap.,86041
202009,7405,Master alloys of copper.,317401
202009,7406,Copper powders and flakes.,2282905
202009,7407,"Copper bars, rods and profiles.",7269645
202009,7408,Copper wire.,42094078
202009,7409,"Copper plates, sheets and strip, of a thickness exceeding 0.15mm.",34229553
202009,7410,"Copper foil (whether or not printed or backed with paper, paperboard, plastics or similar backing materials) of a thickness (excluding any backing) not exceeding 0.15 mm.",79664162
202009,7411,Copper tubes and pipes.,96813960
202009,7412,"Copper tube or pipe fittings (for example, couplings, elbows, sleeves).",84813636
202009,7413,"Stranded wire, cables, plaited bands and the like, of copper, not electrically insulated.",3409293
202009,7415,"Nails, tacks, drawing pins, staples (other than those of heading 83.05) and similar articles, of copper or of iron or steel with heads of copper; screws, bolts, nuts, screw hooks, rivets, cotters, cotterpins, washers (including spring washers) and similar articles, of copper.",9065885
202009,7418,"Table, kitchen or other household articles and parts thereof, of copper; pot scourers and scouring or polishing pads, gloves and the like, of copper; sanitary ware and parts thereof, of copper.",26233568
202009,7419,Other articles of copper.,22570063
202009,7502,nwrought nickel.,4744064
202009,7504,Nickel powders and flakes.,9381983
202009,7505,"Nickel bars, rods, profiles and wire.",5509820
202009,7506,"Nickel plates, sheets, strip and foil.",2672794
202009,7507,"Nickel tubes, pipes and tube or pipe fittings (for example, couplings, elbows, sleeves).",3051240
202009,7508,Other articles of nickel.,1840688
202009,7601,Unwrought aluminium.,41737524
202009,7602,Aluminium waste and scrap.,96520
202009,7603,Aluminium powders and flakes.,1337863
202009,7604,"Aluminium bars, rods and profiles.",244644247
202009,7605,Aluminium wire.,10435912
202009,7606,"Aluminium plates, sheets and strip, of a thickness exceeding 0.2 mm.",464116621
202009,7607,"Aluminium foil (whether or not printed or backed with paper, paperboard, plastics or similar backing materials) of a thickness (excluding any backing) not exceeding 0.2 mm.",315888091
202009,7608,Aluminium tubes and pipes.,35177924
202009,7609,"Aluminium tube or pipe fittings (for example, couplings, elbows, sleeves).",20223705
202009,7610,"Aluminium structures (excluding prefabricated buildings of heading 94.06) and parts of structures (for example, bridges and bridgesections, towers, lattice masts, roofs, roofing frameworks, doors and windows and their frames and thresholds for doors, balustrades, pillars and columns); aluminium plates, rods, profiles, tubes and the like, prepared for use in structures.",339942955
202009,7611,"Aluminium reservoirs, tanks, vats and similar containers, for any material (other than compressed or liquefied gas), of a capacity exceeding 300 l, whether or not lined or heatinsulated, but not fitted with mechanical or thermal equipment.",1160380
202009,7612,"Aluminium casks, drums, cans, boxes and similar containers (including rigid or collapsible tubular containers), for any material (other than compressed or liquefied gas), of a capacity not exceeding 300 l, whether or not lined or heatinsulated, but not fitted with mechanical or thermal equipment.",26978823
202009,7613,Aluminium containers for compressed or liquefied gas.,6554802
202009,7614,"Stranded wire, cables, plaited bands and the like, of aluminium, not electrically insulated.",47351075
202009,7615,"Table, kitchen or other household articles and parts thereof, of aluminium; pot scourers and scouring or polishing pads, gloves and the like, of aluminium; sanitary ware and parts thereof, of aluminium.",320854508
202009,7616,Other articles of aluminium.,323669531
202009,7801,Unwrought lead.,944002
202009,7804,"Lead plates, sheets, strip and foil; lead powders and flakes.",783253
202009,7806,Other articles of lead.,4843981
202009,7901,Unwrought zinc.,3790486
202009,7903,"zinc dust, powders and flakes.",164055
202009,7904,"Zinc bars, rods, profiles and wire.",1264233
202009,7905,"Zinc plates, sheets, strip and foil.",128901
202009,7907,Other articles of zinc.,11691192
202009,8001,Unwrought tin.,5761448
202009,8003,"Tin bars, rods, profiles and wire.",685770
202009,8007,Other articles of tin.,4400583
202009,8101,"Wungsten (wolfram) and articles thereof, including waste and scrap.",13992978
202009,8102,"Molybdenum and articles thereof, including waste and scrap.",8987974
202009,8103,"Tantalum and articles thereof, including waste and scrap.",8103352
202009,8104,"Magnesium and articles thereof, including waste and scrap.",65448680
202009,8105,"Cobalt mattes and other intermediate products of cobalt metallurgy; cobalt and articles thereof, including waste and scrap.",3653372
202009,8106,"Bismuth and articles thereof, including waste and scrap.",1395035
202009,8107,"Cadmium and articles thereof, including waste and scrap.",100090
202009,8108,"Titanium and articles thereof, including waste and scrap.",32997346
202009,8109,"Zirconium and articles thereof, including waste and scrap.",1247887
202009,8110,"Antimony and articles thereof, including waste and scrap.",3221783
202009,8111,"Manganese and articles thereof, including waste and scrap.",35029087
202009,8112,"Beryllium, chromium, germanium, vanadium, gallium, hafnium, indium, niobium (columbium), rhenium and thallium, and articles of these metals, including waste and scrap.",8435096
202009,8113,"Cermets and articles thereof, including waste and scrap.",2642538
202009,8201,"Hand tools, the following : spades, shovels, mattocks, picks, hoes, forks and rakes; axes, bill hooks and similar hewing tools; secateurs and pruners of any kind; scythes, sickles, hay knives, hedge shears, timber wedges and other tools of a kind used in agriculture, horticulture or forestry.",71699820
202009,8202,"Hand saws; blades for saws of all kinds (including slitting, slotting or toothless saw blades).",125735879
202009,8203,"Files, rasps, pliers (including cutting pliers), pincers, tweezers, metal cutting shears, pipecutters, bolt croppers, perforating punches and similar hand tools.",76192073
202009,8204,"Hand-operated spanners and wrenches (including torque meter wrenches but not including tap wrenches); interchangeable spanner sockets, with or without handles.",94853207
202009,8205,"Hand tools (including glaziers' diamonds), not elsewhere specified or included; blow lamps; vices, clamps and the like, other than accessories for and parts of, machinetools or waterjet cutting machines; anvils; portable forges; hand or pedaloperated grinding wheels with frameworks.",289561905
202009,8206,"Tools of two or more of the headings 82.02 to 82.05, put up in sets for retail sale.",84366866
202009,8207,"Interchangeable tools for hand tools, whether or not poweroperated, or for machinetools (for example, for pressing, stamping, punching, tapping, threading, drilling, boring, broaching, milling, turning or screw driving), including dies for drawing or extruding metal, and rock drilling or earth boring tools.",309237765
202009,8208,"Knives and cutting blades, for machines or for mechanical appliances.",34895145
202009,8209,"Plates, sticks, tips and the like for tools, unmounted, of cermets.",31732118
202009,8210,"Hand-operated mechanical appliances, weighing 10 kg or less, used in the preparation, conditioning or serving of food or drink.",29720360
202009,8211,"Knives with cutting blades, serrated or not (including pruning knives), other than knives of heading 82.08, and blades therefor.",131641918
202009,8212,Razors and razor blades (including razor blade blanks in strips).,39092699
202009,8213,"Scissors, tailors' shears and similar shears, and blades therefor.",52498613
202009,8214,"Other articles of cutlery (for example, hair clippers, butchers' or kitchen cleavers, choppers and mincing knives, paper knives); manicure or pedicure sets and instruments (including nail files).",61032077
202009,8215,"Spoons, forks, ladles, skimmers, cakeservers, fishknives, butterknives, sugar tongs and similar kitchen or tableware.",164434696
202009,8301,"Padlocks and locks (key, combination or electrically operated), of base metal; clasps and frames with clasps, incorporating locks, of base metal; keys for any of the foregoing articles, of base metal",349935697
202009,8302,"Base metal mountings, fittings and similar articles suitable for furniture, doors, staircases, windows, blinds, coachwork, saddlery, trunks, chests, caskets or the like; base metal hatracks, hatpegs, brackets and similar fixtures; castors with mountings of base metal; automatic door closers of base metal",1012615184
202009,8303,"Armoured or reinforced safes, strongboxes and doors and safe deposit lockers for strongrooms, cash or deed boxes and the like, of base metal",51066095
202009,8304,"Filing cabinets, cardindex cabinets, paper trays, paper rests, pen trays, officestamp stands and similar office or desk equipment, of base metal, other than office furniture of heading 9403",13678210
202009,8305,"Fittings for looseleaf binders or files, letter clips, letter corners, paper clips, indexing tags and similar office articles, of base metal; staples in strips (for example, for offices, upholstery, packaging), of base metal",31051374
202009,8306,"Bells, gongs and the like, nonelectric, of base metal; statuettes and other ornaments, of base metal; photograph, picture or similar frames, of base metal; mirrors of base metal",112240833
202009,8307,"Flexible tubing of base metal, with or without fittings",29750712
202009,8308,"Clasps, frames with clasps, buckles, buckleclasps, hooks, eyes, eyelets and the like, of base metal, of a kind used for clothing or clothing accessories, footwear, jewellery, wristwatches, books, awnings, leather goods, travel goods or saddlery or for other made up articles; tubular or bifurcated rivets, of base metal; beads and spangles, of base metal",71419263
202009,8309,"Stoppers, caps and lids (including crown corks, screw caps and pouring stoppers), capsules for bottles, threaded bungs, bung covers, seals and other packing accessories, of base metal",64320246
202009,8310,"Signplates, nameplates, addressplates and similar plates, numbers, letters and other symbols, of base metal, excluding those of heading 9405",15843795
202009,8311,"Wire, rods, tubes, plates, electrodes and similar products, of base metal or of metal carbides, coated or cored with flux material, of a kind used for soldering, brazing, welding or deposition of metal or of metal carbides; wire and rods, of agglomerated base metal powder, used for metal spraying",56788215
202009,8401,"Nuclear reactors; fuel elements (cartridges), nonirradiated, for nuclear reactors; machinery and apparatus for isotopicseparation.",1283500
202009,8402,Steam or other vapour generating boilers (other than central heating hot water boilers capable also of producing low pressure steam); superheated water boilers.,126792749
202009,8403,Central heating boilers other than those of heading 8402.,23146485
202009,8404,"Auxiliary plant for use with boilers of heading 84.02 or 84.03 (for example, economisers, superheaters, soot removers, gas recoverers); condensers for steam or other vapour power units.",56918259
202009,8405,"Producer gas or water gas generators, with or without their purifiers; acetylene gas generators and similar water process gas generators, with or without their purifiers.",1938952
202009,8406,Steam turbines and other vapour turbines.,42424039
202009,8407,Sparkignition reciprocating or rotary internal combustion piston engines.,243634953
202009,8408,Compressionignition internal combustion piston engines (diesel or semidiesel engines).,124326533
202009,8409,Parts suitable for use solely or principally with the engines of heading 84.07 or 84.08.,478005107
202009,8410,"Hydraulic turbines, water wheels, and regulators therefor.",15869899
202009,8411,"Turbojets, turbopropellers and other gas turbines.",195233647
202009,8412,Other engines and motors.,250947586
202009,8413,"Pumps for liquids, whether or not fitted with a measuring device; liquid elevators.",793824410
202009,8414,"Air or vacuum pumps, air or other gas compressors and fans; ventilating or recycling hoods incorporating a fan, whether or not fitted with filters.",1458668342
202009,8415,"Air conditioning machines, comprising a motordriven fan and elements for changing the temperature and humidity, including those machines in which the humidity cannot be separately regulated.",904249742
202009,8416,"Furnace burners for liquid fuel, for pulverised solid fuel or for gas; mechanical stokers, including their mechanical grates,mechanical ash dischargers and similar appliances.",11508507
202009,8417,"Industrial or laboratory furnaces and ovens, including incinerators, nonelectric.",88589299
202009,8418,"Refrigerators, freezers and other refrigerating or freezing equipment, electric or other; heat pumps other than air conditioning machines of heading 84.15.",1208708327
202009,8419,"Machinery, plant or laboratory equipment, whether or not electrically heated (excluding furnaces, ovens and other equipment of heading 85.14), for the treatment of materials by a process involving a change of temperature such as heating, cooking, roasting, distilling, rectifying, sterilising, pasteurising, other than machinery or plant of a kind used for domestic purposes; instantaneous or storage water heaters, nonelectric.",524306195
202009,8420,"Calendering or other rolling machines, other than for metals or glass, and cylinders therefor.",8188747
202009,8421,"Centrifuges, including centrifugal dryers; filtering or purifying machinery and apparatus, for liquids or gases.",907338475
202009,8422,"Dish washing machines; machinery for cleaning or drying bottles or other containers; machinery for filling, closing, sealing or labelling bottles, cans, boxes, bags or other containers; machinery for capsuling bottles, jars, tubes and similar containers; other packing or wrapping machinery (including heatshrink wrapping machinery); machinery for aerating beverages.",279025386
202009,8423,"Weighing machinery (excluding balances of a sensitivity of 5 cg or better), including weight operated counting or checking machines; weighing machine weights of all kinds.",182379378
202009,8424,"Mechanical appliances (whether or not handoperated) for projecting, dispersing or spraying liquids or powders; fire extinguishers, whether or not charged; spray guns and similar appliances; steam or sand blasting machines and similar jet projecting machines.",436405297
202009,8425,Pulley tackle and hoists other than skip hoists; winches and capstans; jacks.,195011901
202009,8426,"Ships' derricks; cranes, including cable cranes; mobile lifting frames, straddle carriers and works trucks fitted with a crane.",292500504
202009,8427,Forklift trucks; other works trucks fitted with lifting or handling equipment.,217670291
202009,8428,"Other lifting, handling, loading or unloading machinery (for example, lifts, escalators, conveyors, teleferics).",405631465
202009,8429,"Self-propelled bulldozers, angledozers, graders, levellers, machines and road rollers.",452952837
202009,8430,"Other moving, grading, levelling, scraping, excavating, tamping, compacting, extracting or boring machinery, for earth, minerals or ores; piledrivers and pileextractors; snowploughs and snowblowers.",111959644
202009,8431,Parts suitable for use solely or principally with the machinery of headings 84.25 to 84.30.,647741879
202009,8432,"Agricultural, horticultural or forestry machinery for soil preparation or cultivation; lawn or sportsground rollers.",60650240
202009,8433,"Harvesting or threshing machinery, including straw or fodder balers; grass or hay mowers; machines for cleaning, sorting or grading eggs, fruit or other agricultural produce, other than machinery of heading 84.37.",158470872
202009,8434,Milking machines and dairy machinery.,4348618
202009,8435,"Presses, crushers and similar machinery used in the manufacture of wine, cider, fruit juices or similar beverages.",2003914
202009,8436,"Other agricultural, horticultural, forestry, poultrykeeping or beekeeping machinery, including germination plant fitted with mechanical or thermal equipment; poultry incubators and brooders.",60651310
202009,8437,"Machines for cleaning, sorting or grading seed, grain or dried leguminous vegetables; machinery used in the milling industry or for the working of cereals or dried leguminous vegetables, other than farmtype machinery.",45281454
202009,8438,"Machinery, not specified or included elsewhere in this Chapter, for the industrial preparation or manufacture of food or drink, other than machinery for the extraction or preparation of animal or fixed vegetable fats or oils.",91103835
202009,8439,Machinery for making pulp of fibrous cellulosic material or for making or finishing paper or paperboard.,73255463
202009,8440,"Bookbinding machinery, including booksewing machines.",2676516
202009,8441,"Other machinery for making up paper pulp, paper or paperboard, including cutting machines of all kinds.",124275891
202009,8442,"Machinery, apparatus and equipment (other than the machines of headings 84.56 to 84.65) for preparing or making plates, cylinders or other printing components; plates, cylinders and other printing components; plates, cylinders and lithographic stones, prepared for printing purposes (for example, planed, grained or polished).",12951669
202009,8443,"Printing machinery used for printing by means of plates, cylinders and other printing components of heading 84.42; other printers, copying machines and facsimile machines,whether or not combined; parts and accessories thereof.",1199493351
202009,8444,"Machines for extruding, drawing, texturing or cutting man-made textile materials",25416196
202009,8445,"Machines for preparing textile fibres; spinning, doubling or twisting machines and other machinery for producing textile yarns; textile reeling or winding (including weftwinding) machines and machines for preparing textile yarns for use on the machines of heading 84.46 or 84.47.",27800325
202009,8446,Weaving machines (looms),26444300
202009,8447,"Knitting machines, stitchbonding machines and machines for making gimped yarn, tulle, lace, embroidery, trimmings, braid or net and machines for tufting.",71862470
202009,8448,"Auxiliary machinery for use with machines of heading 84.44, 84.45, 84.46 or 84.47 (for example, dobbies, Jacquards, automatic stop motions, shuttle changing mechanisms); parts and accessories suitable for use solely or principally with the machines of this heading or of heading 84.44, 84.45, 84.46 or 84.47 (for example, spindles and spindle flyers, card clothing, combs, extruding nipples, shuttles, healds and healdframes, hosiery needles).",43324855
202009,8449,"Machinery for the manufacture or finishing of felt or 84.49 nonwovens in the piece or in shapes, including machinery for making felt hats; blocks for making hats.",143058965
202009,8450,"Household or laundrytype washing machines, including machines which both wash and dry.",444008936
202009,8451,"Machinery (other than machines of heading 84.50) for washing, cleaning, wringing, drying, ironing, pressing (including fusing presses), bleaching, dyeing, dressing, finishing, coating or impregnating textile yarns, fabrics or made up textile articles and machines for applying the paste to the base fabric or other support used in the manufacture of floor coverings such as linoleum; machines for reeling, unreeling, folding, cutting or pinking textile fabrics.",172372429
202009,8452,"Sewing machines, other than booksewing machines of heading 84.40; furniture, bases and covers specially designed for sewing machines; sewing machine needles.",186285135
202009,8453,"Machinery for preparing, tanning or working hides, skins or leather or for making or repairing footwear or other articles of hides, skins or leather, other than sewing machines.",30054846
202009,8454,"Converters, ladles, ingot moulds and casting machines, of a kind used in metallurgy or in metal foundries.",46382557
202009,8455,Metalrolling mills and rolls therefor.,88269946
202009,8456,"Machine tools for working any material by removal of material, by laser or other light or photon beam, ultrasonic, electrodischarge, electrochemical, electron beam, ionicbeam or plasma arc processes; waterjet cutting machines.",112721145
202009,8457,"Machining centres, unit construction machines (single station) and multistation transfer machines, for working metal.",17672915
202009,8458,Lathes (including turning centres) for removing metal.,40216014
202009,8459,"Machinetools (including waytype unit head machines) for drilling, boring, milling, threading or tapping by removing metal, other than lathes (including turning centres) of heading 84.58.",26400942
202009,8460,"Machinetools for deburring, sharpening, grinding, honing, lapping, polishing or otherwise finishing metal or cermets by means of grinding stones, abrasives or polishing products, other heading 84.61.",32297116
202009,8461,"Machinetools for planing, shaping, slotting, broaching, gear cutting, gear grinding or gear finishing, sawing, cuttingoff and other machinetools working by removing metal or cermets, not elsewhere specified or included.",31922905
202009,8462,"Machinetools (including presses) for working metal by forging, hammering or diestamping; machinetools (including presses) for working metal by bending, folding, straightening, flattening, shearing, punching or notching; presses for working metal or metal carbides, not specified above.",85240166
202009,8463,"Other machinetools for working metal or cermets, without removing material.",25134021
202009,8464,"Machinetools for working stone, ceramics, concrete, asbestoscement or like mineral materials or for cold working glass.",43850966
202009,8465,"Machinetools (including machines for nailing, stapling, glueing or otherwise assembling) for working wood, cork, bone, hard rubber, hard plastics or similar hard materials.",188667595
202009,8466,"Parts and accessories suitable for use solely or principally with the machines of headings 84.56 to 84.65, including work or tool holders, selfopening dieheads, dividing heads and other special attachments for the machines; tool holders for any type of tool for working in the hand.",110373014
202009,8467,"Tools for working in the hand, pneumatic, hydraulic or with selfcontained electric or nonelectric motor.",1185268532
202009,8468,"Machinery and apparatus for soldering, brazing or welding, whether or not capable of cutting, other than those of heading 85.15; gasoperated surface tempering machines and appliances.",21831265
202009,8470,"Calculating machines and pocketsize data recording, reproducing and displaying machines with calculating functions; accounting machines, postagefranking machines, ticketissuing machines and similar machines, incorporating a calculating device; cash registers.",150555029
202009,8471,"Automatic data processing machines and units thereof; magnetic or optical readers, machines for transcribing data onto data media in d form and machines for processing such data, not elsewhere specified or included.",15965642513
202009,8472,"Other office machines (for example, hectograph or stencil duplicating machines, addressing machines, automatic banknote dispensers, coinsorting machines, coincounting or wrapping machines, pencilsharpening machines, perforating or stapling machines).",112859533
202009,8473,"Parts and accessories (other than covers, carrying cases and the like) suitable for use solely or principally with machines of headings 84.70 to 84.72.",2870757686
202009,8474,"Machinery for sorting, screening, separating, washing, crushing, grinding, mixing or kneading earth, stone, ores or other mineral substances, in solid (including powder or paste) form; machinery for agglomerating, shaping or moulding solid mineral fuels, ceramic paste, unhardened cements, plastering materials or other mineral products in powder or paste form; machines for forming foundry moulds of sand.",253224865
202009,8475,"Machines for assembling electric or electronic lamps, tubes or valves or flashbulbs, in glass envelopes; machines for manufacturing or hot working glass or glassware.",15437527
202009,8476,"Automatic goodsvending machines (for example, postage stamp, cigarette, food or beverage machines), including moneychanging machines.",19805800
202009,8477,"Machinery for working rubber or plastics or for the manufacture of products from these materials, not specified or included elsewhere in this Chapter.",463776190
202009,8478,"Machinery for preparing or making up tobacco, not specified or included elsewhere in this Chapter.",527428
202009,8479,"Machines and mechanical appliances having individual functions, not specified or included elsewhere in this Chapter.",715758830
202009,8480,"Moulding boxes for metal foundry; mould bases; moulding patterns; moulds for metal (other than ingot moulds), metal carbides, glass, mineral materials, rubber or plastics.",438369001
202009,8481,"Taps, cocks, valves and similar appliances for pipes, boiler shells, tanks, vats or the like, including pressurereducing valves and thermostatically controlled valves.",1430767653
202009,8482,Ball or roller bearings.,397474232
202009,8483,"Transmission shafts (including cam shafts and crank shafts) and cranks; bearing housings and plain shaft bearings; gears and gearing; ball or roller screws; gear boxes and other speed changers, including torque converters; flywheels and pulleys, including pulley blocks; clutches and shaft couplings (including universal joints).",639316436
202009,8484,"Gaskets and similar joints of metal sheeting combined with other material or of two or more layers of metal; sets or assortments of gaskets and similar joints, dissimilar in composition, put up in pouches, envelopes or similar packings; mechanical seals.",38593732
202009,8486,"Machines and apparatus of a kind used solely or principally for the manufacture of semiconductor boules or wafers, semiconductor devices, electronic integrated circuits or flat panel displays; machines and apparatus specified in Note 9 (C) to this Chapter; parts and accessories.",191770911
202009,8487,"Machinery parts, not containing electrical connectors, insulators, coils, contacts or other electrical features, not specified or included elsewhere in this Chapter.",132452103
202009,8501,Electric motors and generators (excluding generating sets).,1037329294
202009,8502,Electric generating sets and rotary converters.,465409305
202009,8503,Parts suitable for use solely or principally with the machines of heading 85.01 or 85.02.,436229356
202009,8504,"Electrical transformers, static converters (for example, rectifiers) and inductors.",2912051816
202009,8505,"Electromagnets; permanent magnets and articles intended to become permanent magnets after magnetisation; electromagnetic or permanent magnet chucks, clamps and similar holding devices; electromagnetic couplings, clutches and brakes; electromagnetic lifting heads.",255008542
202009,8506,Primary cells and primary batteries.,234736111
202009,8507,"Electric accumulators, including separators therefor, whether or not rectangular (including square).",2052843954
202009,8508,Vacuum cleaners.,716849304
202009,8509,"Electromechanical domestic appliances, with selfcontained electric motor, other than vacuum cleaners of heading 85.08.",1131543423
202009,8510,"Shavers, hair clippers and hairremoving appliances, with selfcontained electric motor.",199412397
202009,8511,"Electrical ignition or starting equipment of a kind used for sparkignition or compressionignition internal combustion engines (for example, ignition magnetos, magnetodynamos, ignition coils, sparking plugs and glow plugs, starter motors); generators (for example, dynamos, alternators) and cutouts of a kind used in conjunction with such engines.",181424394
202009,8512,"Electrical lighting or signalling equipment (excluding articles of heading 85.39), windscreen wipers, defrosters and demisters, of a kind used for cycles or motor vehicles.",452192922
202009,8513,"Portable electric lamps designed to function by their own source of energy (for example, dry batteries, accumulators, magnetos), other than lighting equipment of heading 85.12.",240254382
202009,8514,Industrial or laboratory electric furnaces and ovens (including those functioning by induction or dielectric loss); other industrial or laboratory equipment for the heat treatment of materials by induction or dielectric loss.,60125264
202009,8515,"Electric (including electrically heated gas), laser or other light or photon beam, ultrasonic, electron beam, magnetic pulse or plasma arc soldering, brazing or welding machines and apparatus, whether or not capable of cutting; electric machines and apparatus for hot spraying of metals or cermets.",198645906
202009,8516,"Electric instantaneous or storage water heaters and immersion heaters; electric space heating apparatus and soil heating apparatus; electrothermic hairdressing apparatus (for example, hair dryers, hair curlers, curling tong heaters) and hand dryers; electric smoothing irons; other electrothermic appliances of a kind used for domestic purposes; electric heating resistors, other than those of heading 85.45.",2819350179
202009,8517,"Telephone sets, including telephones for cellular networks or for other wireless networks; other apparatus for the transmission or reception of voice, images or other data, including apparatus for communication in a wired or wireless network (such as a local or wide area network), other than transmission or reception apparatus of heading 84.43, 85.25, 85.27 or 85.28.",18274432738
202009,8518,"Microphones and stands therefor; loudspeakers, whether or not mounted in their enclosures; headphones and earphones, whether or not combined with a microphone, and sets consisting of a microphone and one or more loudspeakers; audiofrequency electric amplifiers; electric sound amplifier sets.",2006330506
202009,8519,Sound recording or reproducing apparatus.,119317092
202009,8521,"Video recording or reproducing apparatus, whether or not incorporating a video tuner.",306562271
202009,8522,Parts and accessories suitable for use solely or principally with the apparatus of heading 85.19 or 85.21.,55320894
202009,8523,"Discs, tapes, solidstate nonvolatile storage devices, .smart cards. and other media for the recording of sound or of other phenomena, whether or not recorded, including matrices and masters for the production of discs, but excluding products of Chapter 37.",372770586
202009,8525,"Transmission apparatus for radiobroadcasting or television, whether or not incorporating reception apparatus or sound recording or reproducing apparatus; television cameras, digital cameras and video camera recorders.",1077217155
202009,8526,"Radar apparatus, radio navigational aid apparatus and radio remote control apparatus.",307442648
202009,8527,"Reception apparatus for radiobroadcasting, whether or not combined, in the same housing, with sound recording or reproducing apparatus or a clock.",426132801
202009,8528,"Monitors and projectors, not incorporating television reception apparatus; reception apparatus for television, whether or not incorporating radiobroadcast receivers or sound or video recording or reproducing apparatus.",3096790351
202009,8529,Parts suitable for use solely or principally with the apparatus of headings 85.25 to 85.28.,1680505953
202009,8530,"Electrical signalling, safety or traffic control equipment for railways, tramways, roads, inland waterways, parking facilities, port installations or airfields (other than those of heading 86.08).",17131483
202009,8531,"Electric sound or visual signalling apparatus (for example, bells, sirens, indicator panels, burglar or fire alarms), other than those of heading 85.12 or 85.30.",314818168
202009,8532,"Electrical capacitors, fixed, variable or adjustable (preset).",479756079
202009,8533,"Electrical resistors (including rheostats and potentiometers), other than heating resistors.",170369611
202009,8534,Printed circuits.,1431917526
202009,8535,"Electrical apparatus for switching or protecting electrical circuits, or for making connections to or in electrical circuits (for example, switches, fuses, lightning arresters, voltage limiters, surge suppressors, plugs and other connectors, junction boxes), for a voltage exceeding 1,000 volts.",65731290
202009,8536,"Electrical apparatus for switching or protecting electrical circuits, or for making connections to or in electrical circuits (for example, switches, relays, fuses, surge suppressors, plugs, sockets, lampholders and other connectors, junction boxes), for a voltage not exceeding 1,000 volts; connectors for optical fibres, optical fibre bundles or cables.",1610984681
202009,8537,"Boards, panels, consoles, desks, cabinets and other bases, equipped with two or more apparatus of heading 85.35 or 85.36, for electric control or the distribution of electricity, including those incorporating instruments or apparatus of Chapter 90, and numerical control apparatus, other than switching apparatus of heading 85.17.",768113503
202009,8538,Apparatus for protecting electrical circuits for a voltage ≤ 1000 V (excluding fuses and automatic circuit breakers),336888561
202009,8539,"Electric filament or discharge lamps, including sealed beam lamp units and ultra-violet or infra-red lamps; arc-lamps; light-emitting diode (LED) lamps",986266188
202009,8540,"Thermionic, cold cathode or photocathode valves and tubes (for example, vacuum or vapour or gas filled valves and tubes, mercury arc rectifying valves and tubes, cathoderay tubes, television camera tubes).",9648853
202009,8541,"Diodes, transistors and similar semiconductor devices; photosensitive semiconductor devices, including photovoltaic cells whether or not assembled in modules or made up into panels; light-emitting diodes (LED); mounted piezo-electric crystals.",3457987598
202009,8542,Electronic integrated circuits.,10621676084
202009,8543,"Electrical machines and apparatus, having individual functions, not specified or included elsewhere in this Chapter.",1653079590
202009,8544,"Insulated (including enamelled or anodised) wire, cable (including coaxial cable) and other insulated electric conductors, whether or not fitted with connectors; optical fibre cables, made up of individually sheathed fibres, whether or not assembled with electric conductors or fitted with connectors.",2117126546
202009,8545,"Carbon electrodes, carbon brushes, lamp carbons, battery carbons and other articles of graphite or other carbon, with or without metal, of a kind used for electrical purposes.",134484861
202009,8546,Electrical insulators of any material.,45006511
202009,8547,"Insulating fittings for electrical machines, appliances or equipment, being fittings wholly of insulating material apart from any minor components of metal (for example, threaded sockets) incorporated during moulding solely for purposes of assembly, other than insulators of heading 85.46; electrical conduit tubing and joints therefor, of base metal lined with insulating material.",47305912
202009,8548,"Waste and scrap of primary cells, primary batteries and electric accumulators; spent primary cells, spent primary batteries and spent electric accumulators; electrical parts of machinery or apparatus, not specified or included elsewhere in this Chapter.",148087794
202009,8601,Rail locomotives powered from an external source of electricity or by electric accumulators.,16934745
202009,8602,Other rail locomotives; locomotive tenders.,1011222
202009,8603,"Selfpropelled railway or tramway coaches, vans and trucks, other than those of heading 86.04.",92107057
202009,8604,"Railway or tramway maintenance or service vehicles, whether or not selfpropelled (for example, workshops, cranes, ballast tampers, trackliners, testing coaches and track inspection vehicles).",1308172
202009,8605,"Railway or tramway passenger coaches, not selfpropelled; luggage vans, post office coaches and other special purpose railway or tramway coaches, not selfpropelled (excluding those of heading 86.04).",533916
202009,8606,"Railway or tramway goods vans and wagons, not selfpropelled.",24734752
202009,8607,Parts of railway or tramway locomotives or rollingstock.,97277342
202009,8608,"Railway or tramway track fixtures and fittings; mechanical 86.08 (including electromechanical) signalling, safety or traffic control equipment for railways, tramways, roads, inland parts of the foregoing.",7557325
202009,8609,Containers (including containers for the transport of fluids) specially designed and equipped for carriage by one or more modes of transport.,874862223
202009,8701,Tractors (other than tractors of heading 87.09).,139705433
202009,8702,"Motor vehicles for the transport of ten or more persons, including the driver.",110081562
202009,8703,"Motor cars and other motor vehicles principally designed for the transport of persons (other than those of heading 87.02), including station wagons and racing cars.",936500089
202009,8704,Motor vehicles for the transport of goods.,317116938
202009,8705,"Special purpose motor vehicles, other than those principally designed for the transport of persons or goods (for example, breakdown lorries, crane lorries, fire fighting vehicles, concretemixer lorries, road sweeper lorries, spraying lorries, mobile workshops, mobile radiological units).",61671814
202009,8706,"Chassis fitted with engines, for the motor vehicles of headings 87.01 to 87.05.",12003479
202009,8707,"Bodies (including cabs), for the motor vehicles of headings 87.01 to 87.05.",28022589
202009,8708,Parts and accessories of the motor vehicles of headings 87.01 to,3210242586
202009,8709,"Works trucks, selfpropelled, not fitted with lifting or handling equipment, of the type used in factories, warehouses, dock areas or airports for short distance transport of goods; tractors of the type used on railway station platforms; parts of the foregoing vehicles.",7285645
202009,8711,"Motorcycles (including mopeds) and cycles fitted with an auxiliary motor, with or without sidecars; sidecars.",919655627
202009,8712,"Bicycles and other cycles (including delivery tricycles), not motorised.",367758092
202009,8713,"Carriages for disabled persons, whether or not motorised or otherwise mechanically propelled.",54792062
202009,8714,Parts and accessories of vehicles of headings 87.11 to 87.13.,725894169
202009,8715,Baby carriages and parts thereof.,119156889
202009,8716,"Trailers and semitrailers; other vehicles, not mechanically propelled; parts thereof.",400447541
202009,8801,"Balloons and dirigibles; gliders, hang gliders and other non powered aircraft.",19792
202009,8802,"Other aircraft (for example, helicopters, aeroplanes); spacecraft (including satellites) and suborbital and spacecraft launch vehicles.",73515419
202009,8803,Parts of goods of heading 88.01 or 88.02.,113626314
202009,8804,Parachutes (including dirigible parachutes and paragliders) and rotochutes; parts thereof and accessories thereto.,707864
202009,8805,Aircraft launching gear; deckarrestor or similar gear; ground flying trainers; parts of the foregoing articles.,11653893
202009,8901,"Cruise ships, excursion boats, ferryboats, cargo ships, barges and similar vessels for the transport of persons or goods.",1811123959
202009,8902,Fishing vessels; factory ships and other vessels for processing or preserving fishery products.,42404318
202009,8903,Yachts and other vessels for pleasure or sports; rowing boats and canoes.,34251143
202009,8904,Tugs and pusher craft.,25928757
202009,8905,"Lightvessels, firefloats, dredgers, floating cranes and other vessels the navigability of which is subsidiary to their main function; floating docks; floating or submersible drilling or production platforms.",568964774
202009,8906,"Other vessels, including warships and lifeboats other than rowing boats.",22580706
202009,8907,"Other floating structures (for example, rafts, tanks, cofferdams, landingstages, buoys and beacons).",26204621
202009,9001,"Optical fibres and optical fibre bundles; optical fibre cables other than those of heading 85.44; sheets and plates of polarising material; lenses (including contact lenses), prisms, mirrors and other optical elements, of any material, unmounted, other than such elements of glass not optically worked.",390189329
202009,9002,"Lenses, prisms, mirrors and other optical elements, of any material, mounted, being parts of or fittings for instruments or apparatus, other than such elements of glass not optically worked.",283849998
202009,9003,"Frames and mountings for spectacles, goggles or the like, and parts thereof.",120635237
202009,9004,"Spectacles, goggles and the like, corrective, protective or other.",218457249
202009,9005,"Binoculars, monoculars, other optical telescopes, and mountings therefor; other astronomical instruments and mountings therefor, but not including instruments for radioastronomy.",48597625
202009,9006,Photographic (other than cinematographic) cameras; photographic flashlight apparatus and flashbulbs other than discharge lamps of heading 85.39.,51517534
202009,9007,"Cinematographic cameras and projectors, whether or not incorporating sound recording or reproducing apparatus.",7393016
202009,9008,"Image projectors, other than cinematographic; photographic (other than cinematographic) enlargers and reducers.",8243147
202009,9010,"Apparatus and equipment for photographic (including cinematographic) laboratories, not specified or included elsewhere in this Chapter; negatoscopes; projection screens.",12659586
202009,9011,"Compound optical microscopes, including those for photomicrography, cinephotomicrography or microprojection.",18751447
202009,9012,Microscopes other than optical microscopes; diffraction apparatus.,3246880
202009,9013,"Liquid crystal devices not constituting articles provided for more specifically in other headings; lasers, other than laser diodes; other optical appliances and instruments, not specified or included elsewhere in this Chapter.",2094024179
202009,9014,Direction finding compasses; other navigational instruments and appliances.,7492697
202009,9015,"Surveying (including photogrammetrical surveying), hydrographic, oceanographic, hydrological, meteorological or geophysical instruments and appliances, excluding compasses; rangefinders.",79351447
202009,9016,"Balances of a sensitivity of 5 cg or better, with or without weights.",4769475
202009,9017,"Drawing, markingout or mathematical calculating instruments (for example, drafting machines, pantographs, protractors, drawing sets, slide rules, disc calculators); instruments for measuring length, for use in the hand (for example, measuring rods and tapes, micrometers, callipers), not specified or included elsewhere in this Chapter.",69852440
202009,9018,"Instruments and appliances used in medical, surgical, dental or veterinary sciences, including scintigraphic apparatus, other electromedical apparatus and sighttesting instruments.",712923645
202009,9019,"Mechanotherapy appliances; massage apparatus; psychological aptitudetesting apparatus; ozone therapy, oxygen therapy, aerosol therapy, artificial respiration or other therapeutic respiration apparatus.",621559370
202009,9020,"Other breathing appliances and gas masks, excluding protective masks having neither mechanical parts nor replaceable filters.",9250592
202009,9021,"Orthopaedic appliances, including crutches, surgical belts and trusses; splints and other fracture appliances; artificial parts of the body; hearing aids and other appliances which are worn or carried, or implanted in the body, to compensate for a defect or disability.",140279208
202009,9022,"Apparatus based on the use of Xrays or of alpha, beta or gamma radiations, whether or not for medical, surgical, dental or veterinary uses, including radiography or radiotherapy apparatus, Xray tubes and other Xray generators, high tension generators, control panels and desks, screens, examination or treatment tables, chairs and the like.",170583663
202009,9023,"Instruments, apparatus and models, designed for 90.23 demonstrational purposes (for example, in education or exhibitions), unsuitable for other uses.",87977998
202009,9024,"Machines and appliances for testing the hardness, strength, compressibility, elasticity or other mechanical properties of materials (for example, metals, wood, textiles, paper, plastics).",12884739
202009,9025,"Hydrometers and similar floating instruments, thermometers, pyrometers, barometers, hygrometers and psychrometers, recording or not, and any combination of these instruments.",229148108
202009,9026,"Instruments and apparatus for measuring or checking the flow, level, pressure or other variables of liquids or gases (for example, flow meters, level gauges, manometers, heat meters), excluding instruments and apparatus of heading 90.14, 90.15, 90.28 or 90.32.",177654695
202009,9027,"Instruments and apparatus for physical or chemical analysis (for example, polarimeters, refractometers, spectrometers, gas or smoke analysis apparatus); instruments and apparatus for measuring or checking viscosity, porosity, expansion, surface tension or the like; instruments and apparatus for measuring or checking quantities of heat, sound or light (including exposure meters); microtomes.",232238566
202009,9028,"Gas, liquid or electricity supply or production meters, including calibrating meters therefor.",194864226
202009,9029,"Revolution counters, production counters, taximeters, mileometers, pedometers and the like; speed indicators and tachometers, other than those of heading 90.14 or 90.15; stroboscopes.",67105736
202009,9030,"Oscilloscopes, spectrum analysers and other instruments and apparatus for measuring or checking electrical quantities, excluding meters of heading 90.28; instruments and apparatus for measuring or detecting alpha, beta, gamma, Xray, cosmic or other ionising radiations.",151125722
202009,9031,"Measuring or checking instruments, appliances and machines, not specified or included elsewhere in this Chapter; profile projectors.",476848872
202009,9032,Automatic regulating or controlling instruments and apparatus.,404421973
202009,9033,"Parts and accessories (not specified or included elsewhere in this Chapter) for machines, appliances, instruments or apparatus of Chapter 90.",29627093
202009,9101,"Wristwatches, pocketwatches and other watches, including stopwatches, with case of precious metal or of metal clad with precious metal.",18303093
202009,9102,"Wristwatches, pocketwatches and other watches, including stopwatches, other than those of heading 91.01.",145162921
202009,9103,"Clocks with watch movements, excluding clocks of heading 91.04.",189636
202009,9104,"Instrument panel clocks and clocks of a similar type for vehicles, aircraft, spacecraft or vessels.",523554
202009,9105,Other clocks.,85172458
202009,9106,"Time of day recording apparatus and apparatus for measuring, recording or otherwise indicating intervals of time, with clock or watch movement or with synchronous motor (for example, timeregisters, timerecorders).",9220634
202009,9107,Time switches with clock or watch movement or with synchronous motor.,9227570
202009,9108,"Watch movements, complete and assembled.",9381236
202009,9109,"Clock movements, complete and assembled.",1718208
202009,9110,"Complete watch or clock movements, unassembled or partly assembled (movement sets); incomplete watch or clock movements, assembled; rough watch or clock movements.",1157140
202009,9111,Watch cases and parts thereof.,42998711
202009,9112,"Clock cases and cases of a similar type for other goods of this Chapter, and parts thereof.",492712
202009,9113,"Watch straps, watch bands and watch bracelets, and parts thereof.",30417874
202009,9114,Other clock or watch parts.,13183534
202009,9201,"Pianos, including automatic pianos; harpsichords and other keyboard stringed instruments.",3560772
202009,9202,"Other string musical instruments (for example, guitars, violins, harps).",52716494
202009,9205,"Wind musical instruments (for example, keyboard pipe organs, accordions, clarinets, trumpets, bagpipes), other than fairground organs and mechanical street organs.",12920520
202009,9206,"Percussion musical instruments (for example, drums, xylophones, cymbals, castanets, maracas).",13770044
202009,9207,"Musical instruments, the sound of which is produced, or must be amplified, electrically (for example, organs, guitars, accordions).",99835427
202009,9208,"Musical boxes, fairground organs, mechanical street organs, mechanical singing birds, musical saws and other musical instruments not falling within any other heading of this Chapter; decoy calls of all kinds; whistles, call horns and other mouthblown sound signalling instruments.",9315112
202009,9209,"Parts (for example, mechanisms for musical boxes) and accessories (for example, cards, discs and rolls for mechanical instruments) of musical instruments; metronomes, tuning forks and pitch pipes of all kinds.",22683547
202009,9303,"Other firearms and similar devices which operate by the firing of an explosive charge (for example, sporting shotguns and rifles, muzzleloading firearms, Very pistols and other devices designed to project only signal flares, pistols and revolvers for firing blank ammunition, captivebolt humane killers, linethrowing guns).",2811172
202009,9304,"Other arms (for example, spring, air or gas guns and pistols, truncheons), excluding those of heading 93.07.",12836364
202009,9305,Parts and accessories of articles of headings 93.01 to 93.04.,2166794
202009,9306,"Bombs, grenades, torpedoes, mines, missiles and similar munitions of war and parts thereof; cartridges and other ammunition and projectiles and parts thereof, including shot and cartridge wads.",379222
202009,9307,"Swords, cutlasses, bayonets, lances and similar arms and parts thereof and scabbards and sheaths therefor.",1160673
202009,9401,"Seats (other than those of heading 94.02), whether or not convertible into beds, and parts thereof.",2589705077
202009,9402,"Medical, surgical, dental or veterinary furniture (for example, operating tables, examination tables, hospital beds with mechanical fittings, dentists' chairs); barbers' chairs and similar chairs, having rotating as well as both reclining and elevating movements; parts of the foregoing articles.",83295023
202009,9403,Other furniture and parts thereof.,2848509398
202009,9404,"Mattress supports; articles of bedding and similar furnishing (for example, mattresses, quilts, eiderdowns, cushions, pouffes and pillows) fitted with springs or stuffed or internally fitted with any material or of cellular rubber or plastics, whether or not covered.",925571670
202009,9405,"Lamps and lighting fittings including searchlights and spotlights and parts thereof, not elsewhere specified or included; illuminated signs, illuminated nameplates and the like, having a permanently fixed light source, and parts thereof not elsewhere specified or included.",3519728997
202009,9406,Prefabricated buildings.,138680811
202009,9503,"Tricycles, scooters, pedal cars and similar wheeled toys; dolls' carriages; dolls; other toys; reducedsize (""scale"") models and similar recreational models, working or not; puzzles of all kinds.",4102789440
202009,9504,"Video game consoles and machines, articles for funfair, table or parlour games, including pintables, billiards, special tables for casino games and automatic bowling alley equipment.",1874826351
202009,9505,"Festive, carnival or other entertainment articles, including conjuring tricks and novelty jokes.",1646535796
202009,9506,"Articles and equipment for general physical exercise, gymnastics, athletics, other sports (including tabletennis) or outdoor games, not specified or included elsewhere in this Chapter; swimming pools and paddling pools.",1504342360
202009,9507,"Fishing rods, fishhooks and other line fishing tackle; fish landing nets, butterfly nets and similar nets; decoy birds?(other than those of heading 92.08 or 97.05) and similar hunting or shooting requisites.",153580488
202009,9508,"Roundabouts, swings, shooting galleries and other fairground amusements; travelling circuses and travelling menageries; travelling theatres.",3328128
202009,9601,"Worked ivory, bone, tortoiseshell, horn, antlers, coral, motherofpearl and other animal carving material, and articles of these materials (including articles obtained by moulding).",3174739
202009,9602,"Worked vegetable or mineral carving material and articles of 96.02 these materials; moulded or carved articles of wax, of stearin, of natural gums or natural resins or of modelling pastes, and other moulded or carved articles, not elsewhere specified or included; worked, unhardened gelatin (except gelatin of heading 35.03) and articles of unhardened gelatin.",9620384
202009,9603,"Brooms, brushes (including brushes constituting parts of machines, appliances or vehicles), handoperated mechanical floor sweepers, not motorised, mops and feather dusters; prepared knots and tufts for broom or brush making; paint pads and rollers; squeegees (other than roller squeegees).",467664479
202009,9604,Hand sieves and hand riddles.,288514
202009,9605,"Travel sets for personal toilet, sewing or shoe or clothes cleaning.",14551137
202009,9606,"Buttons, pressfasteners, snapfasteners and pressstuds, button moulds and other parts of these articles; button blanks.",45272598
202009,9607,Slide fasteners and parts thereof.,99925281
202009,9608,"Ball point pens; felt tipped and other poroustipped pens and markers; fountain pens, stylograph pens and other pens; duplicating stylos; propelling or sliding pencils; penholders, pencilholders and similar holders; parts (including caps and clips) of the foregoing articles, other than those of heading 96.09.",123422832
202009,9609,"Pencils (other than pencils of heading 96.08), crayons, pencil leads, pastels, drawing charcoals, writing or drawing chalks and tailors' chalks.",49441669
202009,9610,"Slates and boards, with writing or drawing surfaces, whether or not framed.",42464520
202009,9611,"Date, sealing or numbering stamps, and the like (including devices for printing or embossing labels), designed for operating in the hand; handoperated composing sticks and hand printing sets incorporating such composing sticks.",4767643
202009,9612,"Typewriter or similar ribbons, inked or otherwise prepared for giving impressions, whether or not on spools or in cartridges; inkpads, whether or not inked, with or without boxes.",14544491
202009,9613,"Cigarette lighters and other lighters, whether or not mechanical or electrical, and parts thereof other than flints and wicks.",81259078
202009,9614,"Smoking pipes (including pipe bowls) and cigar or cigarette holders, and parts thereof.",25014760
202009,9615,"Combs, hairslides and the like; hairpins, curling pins, curling grips, haircurlers and the like, other than those of heading 85.16,and parts thereof.",116991764
202009,9616,"Scent sprays and similar toilet sprays, and mounts and heads therefor; powderpuffs and pads for the application of cosmetics or toilet preparations.",88245582
202009,9617,"Vacuum flasks and other vacuum vessels, complete with cases; parts thereof other than glass inners.",256770512
202009,9618,Tailors' dummies and other lay figures; automata and other animated displays used for shop window dressing.,18405713
202009,9619,"Sanitary towels (pads) and tampons, napkins and napkin liners for babies and similar articles, of any material.",214170076
202009,9620,"Monopods, bipods, tripods and similar articles.",55404718
202009,9701,"Paintings, drawings and pastels, executed entirely by hand, other than drawings of heading 49.06 and other than handpainted or handdecorated manufactured articles; collages and similar decorative plaques.",55717036
202009,9702,"Original engravings, prints and lithographs.",262
202009,9703,"Original sculptures and statuary, in any material.",1061983
202009,9704,"Postage or revenue stamps, stamppostmarks, firstday covers, postal stationery (stamped paper), and the like, used or unused, other than those of heading 49.07.",8001
202009,9705,"Collections and collectors' pieces of zoological, botanical, mineralogical, anatomical, historical, archaeological, palaeontological, ethnographic or numismatic interest.",495091
202009,9706,Antiques of an age exceeding one hundred years.,7718588
202009,9801,Commodities not classified accroding to kind,1646028
202009,9804,Articles of low value in simplified customs procedures,1926306276
202009,9805,Articles of B2C cross-border e-commerce,207643187
202009,9900,Articles of B2B cross-border e-commerce in simplified customs procedures,151993449
